gene	gene_coef	gene_exp.coef.	gene_se.coef.	gene_z	gene_Pr...z..	age	age_coef	age_exp.coef.	age_se.coef.	age_z	age_Pr...z..	gender	gender_coef	gender_exp.coef.	gender_se.coef.	gender_z	gender_Pr...z..
hsa-let-7a-1	-3.99279270273514e-05	0.999960072870082	1.96376992258655e-05	-2.03322836184195	0.0420294569159593	age	0.0291830843415726	1.02961308325335	0.00654358108662236	4.45980327213094	8.20349174756595e-06	gender	-0.0471734123615545	0.953921961386382	0.160330452106694	-0.294226154431113	0.76858509635111
hsa-let-7a-2	-3.96266385345446e-05	0.99996037414659	1.9647120217219e-05	-2.01691841330595	0.0437040281716145	age	0.0291564497937366	1.02958566033964	0.00654291890700717	4.45618388491891	8.3431475536003e-06	gender	-0.0477486331324139	0.953373403446499	0.160335325392129	-0.297804822584394	0.765852133585791
hsa-let-7a-3	-3.99032887257193e-05	0.9999600975074	1.9594629120158e-05	-2.03644011228918	0.0417061809994765	age	0.0291702222739059	1.02959984038537	0.00654319538498684	4.45810044750246	8.26891541372782e-06	gender	-0.0465347090117189	0.954531429152434	0.160343539874755	-0.290218795519093	0.771648857965717
hsa-let-7b	-1.71569168888315e-05	0.99998284323029	1.28638354557932e-05	-1.33373261402414	0.182291502200287	age	0.0290139229776378	1.02943892723052	0.0064940647170191	4.46776006121413	7.90428904411995e-06	gender	-0.043071772677213	0.957842640669226	0.16018541924139	-0.268886974115331	0.788016661100949
hsa-let-7c	-8.12248900945791e-05	0.999918778408557	7.75367831414493e-05	-1.0475659010305	0.294838654742328	age	0.0295423700178222	1.02998307494862	0.00649368612441945	4.54939913198582	5.37993144662759e-06	gender	-0.0364691839878134	0.964187805861695	0.160394558465872	-0.227371703483152	0.82013472144753
hsa-let-7d	0.000627700914455728	1.0006278979599	0.000303798538964606	2.06617489536004	0.0388119684050693	age	0.0292614831717305	1.02969380687887	0.00649522196527899	4.50507824492395	6.634849072371e-06	gender	-0.0913121839148155	0.912732725942156	0.161652493761406	-0.56486715292861	0.572164126945903
hsa-let-7e	-0.000102168998710956	0.999897836220363	0.000133455247723601	-0.765567487631194	0.443933695982333	age	0.0294994356410125	1.02993885421648	0.00651569587663943	4.52744207211637	5.97019596707719e-06	gender	-0.0440705896391056	0.956886408822693	0.160226760334916	-0.275051368117202	0.783276773600326
hsa-let-7f-1	-2.12821692894803e-05	0.999978718057174	1.92021415271268e-05	-1.1083226972062	0.267722476552701	age	0.02972100989749	1.03016708743669	0.00653126507659477	4.55057474301529	5.3499578221254e-06	gender	-0.0567590783276804	0.944821669965236	0.160378088730857	-0.353907935783749	0.723407879563229
hsa-let-7f-2	-2.07477484071021e-05	0.999979252466826	1.88294555351401e-05	-1.10187723529138	0.270515046686517	age	0.0297166720624078	1.03016261875145	0.00653136811170715	4.54983880163517	5.3687027650346e-06	gender	-0.0567510591599836	0.94482924667903	0.160378727316078	-0.353856525174546	0.723446409552749
hsa-let-7g	0.000545571417820528	1.00054572026897	0.000270729585527563	2.01518949898804	0.0438847973898923	age	0.029441081176876	1.02987875444011	0.00645321134411715	4.56223725009641	5.06114102639081e-06	gender	-0.0220361690941014	0.978204853627956	0.160607421123361	-0.137205173583951	0.890868621658853
hsa-let-7i	0.00144920368467028	1.00145025428778	0.000335159412574378	4.32392357278248	1.53278416160212e-05	age	0.0273517740647071	1.02772926768468	0.00655524212950614	4.17250400890497	3.01270297012727e-05	gender	0.0146379789578865	1.01474563883815	0.162090793400726	0.0903072818065492	0.928043033753085
hsa-mir-1-1	-0.00527768345513174	0.994736219047772	0.0133677625202246	-0.394806793369266	0.692985480990126	age	0.0294875097328912	1.02992657133358	0.00652570096835837	4.51867314727864	6.22283726283902e-06	gender	-0.0573029655802528	0.944307933223084	0.161436155794264	-0.354957446170115	0.722621471063868
hsa-mir-1-2	-0.00252284136211041	0.997480338327646	0.0121401063450482	-0.207810482907298	0.835376947122816	age	0.0295970985508478	1.03003944595389	0.00652627500241641	4.53506763657511	5.75850286401488e-06	gender	-0.0534985367643024	0.947907328014629	0.161517782007976	-0.331223820060014	0.740475428960083
hsa-mir-100	5.04547469899253e-05	1.00005045601985	1.31065285308941e-05	3.84958891830095	0.000118316227241639	age	0.0286797100206704	1.02909493288951	0.00658916410476706	4.3525566467409	1.34559088994953e-05	gender	0.0855982153309765	1.08936854878265	0.16534635099851	0.517690380308106	0.604674311057356
hsa-mir-101-1	-0.000127994798200315	0.999872013392784	2.97034694693347e-05	-4.30908578987562	1.63930773915113e-05	age	0.0275513504044743	1.02793439859916	0.00641815130721303	4.292723727705	1.76494561756944e-05	gender	0.0495236685942007	1.05077046218017	0.161559862671688	0.306534480626786	0.759197730780997
hsa-mir-101-2	-0.000127866398001581	0.999872141776558	2.96536428039175e-05	-4.31199629829925	1.61787143258049e-05	age	0.0275777268605221	1.02796151222322	0.00641791582256082	4.29699105176458	1.73132181260866e-05	gender	0.0485221412744528	1.04971861367095	0.161545596882062	0.300361892932785	0.763901127502154
hsa-mir-103a-1	3.65291206689109e-05	1.00003652978787	2.41408362960763e-05	1.51316715878845	0.13023720397528	age	0.0297498578783232	1.03019680610574	0.00648450624003711	4.58783703447449	4.47862024038314e-06	gender	-0.0652437293831944	0.936839100333065	0.160826592783234	-0.405677495581414	0.684979579746788
hsa-mir-103a-2	3.67127166557956e-05	1.00003671339058	2.41478934066983e-05	1.52032792415806	0.128428579235646	age	0.0297576711839525	1.03020485537969	0.00648438189024541	4.58912995681479	4.45097274216321e-06	gender	-0.0652605325786237	0.936823358574833	0.160821764119965	-0.40579415936479	0.684893850501644
hsa-mir-106a	0.0202643765327403	1.02047109297633	0.00528730186917837	3.83264981537536	0.00012677034891276	age	0.0292517915343882	1.02968382750828	0.00652773711106916	4.48115342831218	7.42407142348634e-06	gender	-0.0665833077548129	0.935584971126294	0.160380207422788	-0.415159132319167	0.678025413852526
hsa-mir-106b	0.00186264591400413	1.00186438171647	0.000537523481075674	3.46523636563126	0.000529765648849355	age	0.0300972038738913	1.03055470299442	0.00651347589592806	4.62075923128951	3.82338279373923e-06	gender	-0.0111374562394339	0.988924335612207	0.161250489888664	-0.0690692862212315	0.94493446866983
hsa-mir-107	-0.00648478114995482	0.993536199666827	0.00401982728048815	-1.61319895047017	0.106701291408801	age	0.0304373239841181	1.03090527498851	0.00654342684078302	4.6515877268486	3.29389094210479e-06	gender	-0.0112309468898463	0.988831884754575	0.161083939355959	-0.0697210841425256	0.944415659897546
hsa-mir-10a	-1.10664290060177e-05	0.999988933632227	4.43491230123811e-06	-2.49529827296207	0.012585129126226	age	0.0279720270574713	1.0283669175704	0.00651860236862042	4.29110804366968	1.77783782998685e-05	gender	0.00449670845459343	1.00450683381931	0.161881916025859	0.0277777071397841	0.977839446226265
hsa-mir-10b	-4.94332587831207e-06	0.99999505668634	1.09243978959305e-06	-4.52503279851566	6.03861400823828e-06	age	0.0299495564074757	1.03040255543589	0.00653659425067114	4.58182889421363	4.60926970865193e-06	gender	-0.053913617712537	0.947513951389297	0.161260481874413	-0.334326284318832	0.738133358404477
hsa-mir-1180	0.00517459586787545	1.00518800721186	0.0113368988590004	0.456438390448137	0.648074764581691	age	0.0295844320868788	1.030026399079	0.00650668820543628	4.54677266726278	5.44747826198767e-06	gender	-0.0590305183720865	0.942677999720151	0.161748716988508	-0.364952003769407	0.71514723416273
hsa-mir-122	0.0015734997716491	1.00157473837198	0.00183643815724929	0.856821540893032	0.391543519023196	age	0.0293553708429274	1.02979048697091	0.006518313912995	4.50352211242912	6.68364098990044e-06	gender	-0.0272274706628017	0.97313985557794	0.162529354438981	-0.167523403737039	0.866958234209569
hsa-mir-1247	0.00291370299127805	1.00291795194957	0.0018744586813244	1.55442369592237	0.12008338461265	age	0.02894053793047	1.02936338457817	0.00653850169987773	4.42617273174544	9.59197263143968e-06	gender	-0.0280017328219594	0.972386681826792	0.160956616296914	-0.173970685183299	0.861888500720117
hsa-mir-1249	0.075667147427001	1.07860349845126	0.0464496327464744	1.62901497714735	0.103309848411612	age	0.0289024048296973	1.0293241325089	0.00648625796522209	4.4559443957773	8.35246807189378e-06	gender	-0.0388746656324797	0.961871257117454	0.159989826647009	-0.242982109845336	0.808019256479336
hsa-mir-1251	-0.0152529136130021	0.984862822887038	0.0076510629446253	-1.99356791643139	0.0461992944922031	age	0.0308385734411491	1.0313190081699	0.0065839210532863	4.68392211746773	2.81436981182777e-06	gender	-0.00680805914528366	0.993215063186888	0.160360439374567	-0.0424547299311243	0.966136199469128
hsa-mir-125a	-0.000427692991448295	0.999572398456162	0.000231373590474544	-1.84849528665352	0.0645307256041123	age	0.0290797855763611	1.02950673098633	0.00647643581183917	4.49009091130066	7.11927815972317e-06	gender	-0.038554356821024	0.962179402304769	0.16024990930147	-0.240588946284479	0.809873718166195
hsa-mir-125b-1	0.000802232456435762	1.00080255433096	0.00048444343265353	1.65598788705123	0.0977242718553646	age	0.0297183605903509	1.03016435821128	0.00653511154901865	4.54749094448335	5.42892554744407e-06	gender	-0.0241982305190075	0.976092199315436	0.160801773462492	-0.150484848506052	0.880382103755663
hsa-mir-125b-2	0.000853001310942448	1.00085336522002	0.000455539188453728	1.87250917717498	0.0611361934557888	age	0.029676040741837	1.03012076273418	0.0065362527269895	4.54022235390298	5.61949338514508e-06	gender	-0.025728938388508	0.974599230245848	0.160627926133872	-0.160177243196584	0.872741455222721
hsa-mir-126	-3.75046030150705e-05	0.999962496100274	1.22580718759823e-05	-3.05958419843781	0.00221644475521045	age	0.0302733992718791	1.03073629798809	0.00648789391791811	4.66613660070347	3.06915703490295e-06	gender	-0.00539493362608632	0.994619592893386	0.160282172636722	-0.0336589749024296	0.973149093706229
hsa-mir-1266	0.0622257114564004	1.06420252032259	0.0197634495410414	3.14852482240919	0.00164096786142871	age	0.0309745881703773	1.03145929228568	0.00655089974880846	4.72829525074189	2.26412786418224e-06	gender	-0.0730069995913144	0.92959432322267	0.160965875532096	-0.453555757392547	0.650148603285184
hsa-mir-1269a	0.000150444787266054	1.00015045610465	5.70650801598116e-05	2.63637213589696	0.00837977751453463	age	0.0289601535115696	1.02938357633716	0.00653745358479827	4.42988284902114	9.42842924624365e-06	gender	-0.0135488767858764	0.986542496112977	0.161149272333084	-0.0840765619957121	0.932995559468753
hsa-mir-127	0.000166915090098562	1.0001669290212	7.17919877478097e-05	2.3249821510013	0.0200729146355907	age	0.0293954669119429	1.02983177834915	0.00652665238652447	4.5039118327545	6.67138934591084e-06	gender	-0.0686457676784991	0.933657353118886	0.161232138596834	-0.425757347610143	0.670284669542762
hsa-mir-1270	-0.000495641808575361	0.999504481001535	0.00399708079949014	-0.124000948051534	0.90131452442102	age	0.0297661913868297	1.03021363297146	0.00650887719941796	4.57316837833282	4.80403768233187e-06	gender	-0.0482573717154836	0.952888508964817	0.160202304119146	-0.301227700692705	0.763240868119566
hsa-mir-1271	-0.00860809064933941	0.991428852882553	0.00846110820621265	-1.01737153568357	0.308976717619051	age	0.0299271756795021	1.03037949453466	0.0064957686938655	4.60718001054515	4.08166633702493e-06	gender	-0.0552565156269475	0.946242390859185	0.160207095549156	-0.344906793532083	0.730164443156012
hsa-mir-1277	0.12721204979222	1.13565780825307	0.0352810661315145	3.6056747638527	0.000311342876660453	age	0.030581250830081	1.0310536606113	0.00650430423565504	4.70169440452091	2.5801145219374e-06	gender	-0.0736772445740204	0.928971476044992	0.160243056580267	-0.459784318561815	0.645671040127705
hsa-mir-128-1	-0.00411421598826964	0.995894235803524	0.00285824295932231	-1.43942136719025	0.150031174035541	age	0.0305683387115741	1.0310403476102	0.00652589856263185	4.68415780879777	2.81113370240737e-06	gender	-0.0241730120263269	0.976116815199806	0.160861565353265	-0.150272142218938	0.880549910683581
hsa-mir-128-2	-0.00461197324722809	0.995398645570549	0.00410853699718083	-1.1225341892729	0.261635379254858	age	0.0303268947595668	1.03079143920392	0.006521930017	4.64998776137079	3.31954726731236e-06	gender	-0.034639422607069	0.96595365452081	0.160624021735659	-0.215655306303284	0.829256441794926
hsa-mir-1287	-0.00707774251457908	0.992947245716795	0.0076384172329136	-0.926598050193095	0.354135267643742	age	0.0294731445639017	1.0299117763706	0.00649989179574903	4.5344054162836	5.77659803070584e-06	gender	-0.0351099781210817	0.965499226627555	0.160704975576801	-0.218474742272698	0.827059235750482
hsa-mir-1296	0.0256359102128488	1.0259673362343	0.0286687819014781	0.894209956354203	0.371209566156772	age	0.0295696242663304	1.03001114674584	0.0064958043409273	4.55211128820872	5.31102272680425e-06	gender	-0.0608908283321305	0.940925956625049	0.160540124737096	-0.37928728678794	0.704474539302318
hsa-mir-1301	0.0304757351892177	1.03094487406298	0.0102996550767194	2.95890832869762	0.00308730926266202	age	0.0298415099594618	1.03029123011402	0.00651266727287471	4.58207193905818	4.60391447070693e-06	gender	-0.0848078680667575	0.918688776896746	0.161208438229889	-0.526075861772314	0.598835499166444
hsa-mir-1306	0.0319857664379356	1.03250280900771	0.022460068371123	1.42411705563015	0.154412589977865	age	0.0296936558392152	1.03013890857155	0.00647029991284508	4.5892240296723	4.44896750817168e-06	gender	-0.0579732480193884	0.94367519227957	0.160020278970387	-0.362286882590155	0.717137659529472
hsa-mir-1307	0.000102563468619996	1.00010256872843	0.000124719907994288	0.822350419186432	0.410877488956189	age	0.0295413972439864	1.02998207300853	0.00650867971797074	4.53876953914652	5.65834354111443e-06	gender	-0.0573545361578942	0.94425923597318	0.160582054202619	-0.357166536713533	0.720967135740366
hsa-mir-130a	0.00686666927220233	1.0068902989003	0.00107385971738257	6.39438202313726	1.61197952270348e-10	age	0.0291422921114126	1.02957108389612	0.00649457271675034	4.48717619809705	7.21733838344014e-06	gender	-0.000350082144152766	0.999649979127451	0.159520362959948	-0.00219459219912046	0.998248970172625
hsa-mir-130b	0.0271022494809645	1.02747285595881	0.0041860342699878	6.47444519871154	9.51609400969247e-11	age	0.0257807811101739	1.02611597980973	0.00654406423541353	3.93956724487206	8.16287202912253e-05	gender	-0.0629615335534889	0.938979592202712	0.162145332263562	-0.38830309003991	0.69779175080306
hsa-mir-132	0.00596348649215467	1.00598130347723	0.00251435740875887	2.37177358770898	0.0177029350495371	age	0.0311923493023368	1.03168392848637	0.00654652464340075	4.76471883960299	1.89117166272156e-06	gender	-0.047420833148049	0.953685970460175	0.160217868609037	-0.295977181320301	0.767247507747617
hsa-mir-133a-1	0.00985238384884328	1.00990107837025	0.0180325209548141	0.546367525291187	0.584813328312686	age	0.029886509833102	1.03033759413236	0.00651769869165565	4.5854390095333	4.53033510677483e-06	gender	-0.0428777076422459	0.958028542472717	0.160510908854798	-0.267132669973441	0.789367014282125
hsa-mir-133a-2	0.0095785725573369	1.0096245939057	0.0194406505510656	0.492708437517378	0.622218614981099	age	0.0298678098916014	1.03031832705977	0.00651611262365668	4.58368533766078	4.56851574030069e-06	gender	-0.0459994900067487	0.955042449255794	0.160240565060713	-0.287065200932861	0.774062396897064
hsa-mir-134	0.000352817779905985	1.00035288002742	8.64379966192176e-05	4.08174406748738	4.46990039397204e-05	age	0.0290052637039423	1.02943001307569	0.00653349526522796	4.43947114468908	9.01802040842249e-06	gender	-0.0439674122661992	0.956985142942002	0.160233665410034	-0.274395596915839	0.783780626361349
hsa-mir-135a-1	-0.0119508984100041	0.988120229945185	0.00758855431217537	-1.57485838782621	0.115289135552491	age	0.0307507641879427	1.03122845279384	0.00660573928154604	4.65515862453863	3.2373137328583e-06	gender	-0.0145997901094436	0.985506270046806	0.160700647920632	-0.0908508478239255	0.92761110635335
hsa-mir-135a-2	-0.0116134452710311	0.9884537304857	0.00705724136900795	-1.64560692539607	0.0998447124053689	age	0.0308736217592421	1.03135515479999	0.00661746122010957	4.66547830539926	3.07899981624793e-06	gender	-0.0166370228900172	0.983500608061854	0.160464670956017	-0.103680285454094	0.9174230722534
hsa-mir-135b	0.0145932591278427	1.0147002606003	0.00360443759766643	4.04869240551995	5.15045827062443e-05	age	0.026904706094096	1.02726990553734	0.00662251348121791	4.06261250662612	4.85265463473566e-05	gender	0.0615650671883346	1.06349969321239	0.162904452320241	0.377921329414057	0.705489036913187
hsa-mir-136	0.00608462933809251	1.00610317829728	0.00191786384487287	3.17260756250183	0.00151076584492721	age	0.0293022562207401	1.02973579149084	0.00653570045556488	4.48341481069416	7.3457936179281e-06	gender	-0.0805773325772522	0.922583555060966	0.161683803302895	-0.498363663714048	0.618227742948898
hsa-mir-139	-0.00429210720150715	0.995717090726404	0.00108155793656647	-3.9684487130971	7.23420220664375e-05	age	0.0296964968714548	1.03014183523356	0.00654263495312536	4.53892003515633	5.65430717619364e-06	gender	0.0385987824591059	1.03935339317122	0.161448546744088	0.239077918244063	0.81104516402277
hsa-mir-140	-1.39098796181744e-05	0.999986090217124	8.1953919651125e-05	-0.169728057881652	0.865224007214511	age	0.02974321673744	1.03018996444633	0.00650225773550848	4.57429064600345	4.77836132116492e-06	gender	-0.0497415859886023	0.951475267275299	0.16016489584041	-0.310564844609679	0.756131456369137
hsa-mir-141	-0.00010332388682492	0.999896681450904	0.000371685808423888	-0.277987172184644	0.781022205925006	age	0.0296913403145653	1.03013652326228	0.00650552983759078	4.56401569984359	5.01843234287435e-06	gender	-0.0502533315036029	0.950988478641211	0.160217766025247	-0.313656423693264	0.753782000504
hsa-mir-142	0.000104492477125152	1.00010449793665	2.49247306346727e-05	4.19232121930308	2.76114659954302e-05	age	0.0311967155076642	1.03168843304007	0.00655810658399622	4.75696988270879	1.96520475120428e-06	gender	-0.026042443933769	0.974293735872351	0.159975942806047	-0.162789751239926	0.870683977951881
hsa-mir-143	-3.88997951773834e-06	0.999996110028048	1.94778884138523e-06	-1.99712588710173	0.0458115094327511	age	0.0278450943619543	1.0282363924697	0.00655184768936668	4.24996057328155	2.13808146436328e-05	gender	-0.059084030112288	0.942627556729594	0.160047582943688	-0.369165400848799	0.712004443374047
hsa-mir-144	-0.000314746955896582	0.99968530257173	0.000174028608863437	-1.80859318448939	0.0705142281082888	age	0.0298587528014046	1.03030899541601	0.0065202181045851	4.57941012439561	4.66289096714198e-06	gender	-0.0658297529541427	0.936290251373005	0.160265590403203	-0.410754128746698	0.681252831920352
hsa-mir-145	-1.31379203594322e-05	0.999986862165943	4.34147375160489e-05	-0.302614298994105	0.762183816108495	age	0.0296510496346606	1.03009501919748	0.00650375000992928	4.55906970430787	5.13807168679482e-06	gender	-0.0496338315593184	0.951577798473699	0.160124103938646	-0.309971018344224	0.756582995633623
hsa-mir-1468	-0.0341764473224148	0.966400970729159	0.0120410634836143	-2.83832465204778	0.00453510294944289	age	0.0299806649143714	1.03043461021948	0.00647143838723006	4.63276680089106	3.60810892081316e-06	gender	-0.0240321924993572	0.97625428118671	0.160723298282782	-0.149525257110354	0.881139181096894
hsa-mir-146a	0.00242861535914354	1.00243156683427	0.000623208132997861	3.89695710076985	9.74088654280209e-05	age	0.0291670873127083	1.02959661263488	0.00650292415021671	4.4852264364388	7.28365418770944e-06	gender	-0.0393718584696562	0.961393140486061	0.159973327833659	-0.246115143085572	0.805593101068261
hsa-mir-146b	0.000191102115195499	1.00019112037637	4.96547475452958e-05	3.8486171945829	0.000118786465182479	age	0.0279366554101963	1.02833054318183	0.00650973304616588	4.29152089833399	1.77453498359018e-05	gender	0.0247261053780113	1.02503433068224	0.161097619292986	0.153485231417618	0.878015635934908
hsa-mir-148a	6.35148751877236e-06	1.00000635150769	3.23492527989633e-06	1.96341088872876	0.0495984496105891	age	0.0294902386280535	1.02992938189905	0.00653101494192513	4.51541435600524	6.31930822141703e-06	gender	-0.0570168918635145	0.944578113547189	0.160380017951187	-0.355511195171884	0.7222066594629
hsa-mir-148b	0.000161011122901577	1.00016102408589	0.000864856495997676	0.186170912338282	0.852310733757734	age	0.0296343145290325	1.03007778059277	0.0065224593183993	4.54342650255198	5.53471085948441e-06	gender	-0.0504759306982888	0.950776812930892	0.16032372081663	-0.314837570143601	0.752884984394411
hsa-mir-149	0.0156678614237206	1.01579124591265	0.00395722383087489	3.95930634539231	7.51677670199402e-05	age	0.0287229217282626	1.02913940279964	0.0065125999807591	4.41036173158523	1.03198083483586e-05	gender	-0.0375820100790853	0.963115429309417	0.159943761163253	-0.234970153294855	0.814231898952497
hsa-mir-150	0.000177850464441383	1.00017786628077	9.9201888085473e-05	1.79281330097413	0.0730027819691971	age	0.0299960674856689	1.03045048168426	0.00651612469254422	4.60335995718292	4.15728779452547e-06	gender	-0.0323722171133862	0.96814615443775	0.160724599193993	-0.201414203399651	0.840374710076012
hsa-mir-151a	-7.01439357300331e-05	0.999929858524298	0.000153065518282517	-0.458260857945592	0.646765041732624	age	0.0295343989730389	1.02997486494013	0.00651233220766836	4.53514931843644	5.75627466990296e-06	gender	-0.0401731909691604	0.960623053506859	0.161285148813324	-0.249081773893876	0.803297527562855
hsa-mir-151b	-0.11905616763832	0.887757936094903	0.0313739816732045	-3.79474205341306	0.000147797031894712	age	0.0318421651839875	1.03235455095491	0.00647588432750644	4.91703736101914	8.78637877581672e-07	gender	-0.0299576416299589	0.970486640910137	0.160833606611314	-0.186264812815878	0.85223709985363
hsa-mir-152	0.00117500066608912	1.00117569124982	0.000352368152798218	3.33458247221898	0.000854275636576684	age	0.0291540524022457	1.02958319202269	0.00655074297684702	4.45049554001553	8.56723730007072e-06	gender	-0.0250290246548698	0.975281604405556	0.161078818479327	-0.15538371147217	0.876518824564372
hsa-mir-153-2	0.00938049908444341	1.00942463386011	0.00155607900548087	6.02829229840073	1.65701167990686e-09	age	0.0335228372406343	1.03409105924298	0.00662242068589665	5.06202170333664	4.14833786884271e-07	gender	-0.0955308731401385	0.908890300922881	0.161937291186542	-0.589925102736792	0.555240863718808
hsa-mir-154	0.0209296230111028	1.0211501836335	0.00448846696584918	4.66297806586241	3.11665982928879e-06	age	0.0294982523261286	1.02993763547522	0.0065187132299963	4.52516490377125	6.03484314809583e-06	gender	-0.0566127368829717	0.944959946650969	0.160450504427584	-0.352836141493857	0.724211287126598
hsa-mir-155	0.0002422422006107	1.00024227154362	5.67057817525232e-05	4.27191360605695	1.93802664381241e-05	age	0.0296340714200337	1.03007753017162	0.0065678552569588	4.51198606860828	6.42234074741836e-06	gender	-0.0350919659979533	0.965516617475128	0.160142497503873	-0.21912962858035	0.826549071325016
hsa-mir-15a	0.000430565798602828	1.00043065850536	0.0012841989794493	0.335279661090735	0.737414134818397	age	0.029469274461059	1.02990779051382	0.00654302271391833	4.50392360680208	6.6710195395408e-06	gender	-0.049697497129068	0.951517217659474	0.160156680736416	-0.310305488978381	0.756328657437953
hsa-mir-15b	0.00287347995413326	1.00287761235483	0.000928708562442334	3.09405993477279	0.00197437596480905	age	0.0295808006050933	1.03002265856368	0.00649758824166061	4.55258158949346	5.29915991344964e-06	gender	-0.0443538963051957	0.956615354921884	0.160449216261255	-0.276435730499148	0.782213416498524
hsa-mir-16-1	0.000701968501621863	1.00070221493917	0.000454868254086073	1.5432347615295	0.122773825943507	age	0.0289383103889412	1.02936109163104	0.00653570754123085	4.42772419150985	9.52325670482474e-06	gender	-0.0494688002811137	0.951734851533069	0.160298864245155	-0.308603560693094	0.757623111950348
hsa-mir-16-2	0.00073666382770215	1.00073693523114	0.000442711582941888	1.66398137317055	0.096116151830984	age	0.0288698180897408	1.02929059073757	0.00653751801810306	4.41602118874431	1.00534234071332e-05	gender	-0.0490682147504335	0.952116179115694	0.160350735946916	-0.306005547530992	0.759600421945475
hsa-mir-17	0.00114279230396247	1.0011434455399	0.000332229641523207	3.43976623736219	0.000582216825596316	age	0.0298686487536494	1.03031919135508	0.00651273978458023	4.58618795493217	4.51412252117159e-06	gender	-0.072234227582938	0.930312965332292	0.160833635752498	-0.449123886586119	0.653342290056245
hsa-mir-181a-1	-0.000137702063174519	0.999862307417319	0.000209592809259	-0.656998031856891	0.511182181972902	age	0.0295965583741525	1.03003888955074	0.00649919274848219	4.55388223115316	5.26648466351366e-06	gender	-0.0461830706153907	0.95486713807404	0.160216334976479	-0.288254444355943	0.773151975913797
hsa-mir-181a-2	-2.79680854008662e-05	0.999972032305702	0.000135518383118479	-0.206378535201492	0.836495236356178	age	0.02964541743081	1.03008921750868	0.00650999394804987	4.5538317957562	5.26774811888782e-06	gender	-0.0489102589848516	0.952266583233975	0.160109480572943	-0.305480092807928	0.760000529472187
hsa-mir-181b-1	0.000151802438976954	1.00015181396155	0.00086917988107311	0.174650198747738	0.861354501830608	age	0.0297769397301831	1.03022470612082	0.00651235016159881	4.57238001509316	4.82215360872429e-06	gender	-0.0473431126562605	0.953760094283244	0.160394207912537	-0.295167221263232	0.767866140678588
hsa-mir-181b-2	1.40028226997719e-05	1.00001400292074	0.000910739480695238	0.0153752230979187	0.987732830194524	age	0.0297277831952933	1.03017406508879	0.00651059874776799	4.56605979680206	4.96977056154343e-06	gender	-0.0488212169270986	0.952351378785205	0.160540379665803	-0.304105528021859	0.761047495421376
hsa-mir-181c	0.00114534000125645	1.0011459961536	0.00204822752383025	0.559185924381403	0.57603483834847	age	0.0299700692267433	1.03042369211407	0.00651824519058784	4.59787386795748	4.26824251144271e-06	gender	-0.0421326319610789	0.958742612226548	0.160698742214532	-0.262183956018971	0.793179622104263
hsa-mir-181d	0.00957201856205629	1.00961797685256	0.00807412323456289	1.18551801650504	0.235812695561168	age	0.0301895787739591	1.03064990477918	0.00651553133972083	4.63347917458603	3.59570946388486e-06	gender	-0.0280309837989898	0.972358238982289	0.161373860653147	-0.173702132957202	0.862099561152427
hsa-mir-182	9.85553940887988e-06	1.00000985558797	6.17547523741406e-06	1.59591594654452	0.110507560727879	age	0.0301834519139372	1.03064359015083	0.00647728054455406	4.65989572418856	3.16369614791018e-06	gender	-0.0345898324146441	0.966001557536161	0.160364112740831	-0.215695593131524	0.829225036538835
hsa-mir-183	3.2943518156032e-05	1.0000329440608	2.2440593348075e-05	1.46803240204243	0.142095421651882	age	0.0297574996497099	1.0302046786643	0.00646208531945443	4.60493759810374	4.12589561005116e-06	gender	-0.0346840176144837	0.965910578770913	0.160542135350876	-0.21604308139218	0.828954166338842
hsa-mir-185	0.00254909605077486	1.0025523477585	0.00249379334464484	1.02217613831105	0.30669754227653	age	0.0295355660654494	1.02997606701668	0.00649257010676594	4.5491331752691	5.38673460038518e-06	gender	-0.0434544865682946	0.957476131123793	0.160077486595522	-0.271459075804294	0.786037971114702
hsa-mir-186	0.00174341971188368	1.00174494035161	0.000613923269218602	2.8398006710231	0.00451417313331793	age	0.0285715702513994	1.02898365281792	0.00648621899426698	4.40496540074474	1.05800763190008e-05	gender	-0.0893873241124356	0.914491300438345	0.160999894880723	-0.555201133383711	0.578757093782654
hsa-mir-187	0.000456043565936931	1.00045614756961	0.00138204093480299	0.329978334543281	0.741416332625624	age	0.0298225750872927	1.03027172186597	0.00650735768867844	4.58290085070601	4.58569506466808e-06	gender	-0.0470629731798738	0.954027317564802	0.160195610570612	-0.29378441152187	0.768922647532128
hsa-mir-188	-0.0241955358245826	0.976094829589187	0.0296348614258943	-0.816455170039737	0.414239853631314	age	0.029798710069078	1.03024713470595	0.0065118049750638	4.57610603867724	4.73710502233416e-06	gender	-0.0378081403063913	0.962897664421005	0.160814639730941	-0.235103846077994	0.81412813361747
hsa-mir-18a	0.0376373534713935	1.03835460889756	0.00644738175998835	5.83761825691263	5.29523092993294e-09	age	0.0288144115764405	1.02923356291464	0.00647042599264613	4.4532479946744	8.45809667966622e-06	gender	-0.0348281918958935	0.965771329345647	0.159647655566144	-0.218156613527367	0.82730708828145
hsa-mir-190a	-0.0423045741761399	0.958577778069509	0.0110236403362427	-3.83762286193736	0.000124231082242625	age	0.0323981333416532	1.03292866679294	0.0065448796172833	4.95014961865735	7.4156450101155e-07	gender	-0.00161279933708354	0.998388500524868	0.159930102974471	-0.0100844012921131	0.991953948278386
hsa-mir-191	0.00116088745673193	1.0011615615474	0.000379765966064756	3.05684964021758	0.00223676445930993	age	0.0284237389933355	1.02883154811319	0.00645451906916431	4.40369587396938	1.06422107619754e-05	gender	-0.0536282219162312	0.947784406479502	0.159808544758175	-0.335577937946824	0.737189163143084
hsa-mir-192	-3.64938401935091e-05	0.999963506825699	1.07972375430048e-05	-3.3799238044135	0.000725059276224949	age	0.0307598937579266	1.03123786750914	0.00647142047603075	4.75319041188207	2.00231608703556e-06	gender	-0.0741316138768899	0.928549475802274	0.160170313648697	-0.462829922650231	0.643486281221961
hsa-mir-193a	0.00115580107669681	1.00115646927217	0.000619532054141755	1.86560335170705	0.0620968803536416	age	0.0287124094204326	1.0291285842263	0.00657836444845025	4.36467295867087	1.27313084276668e-05	gender	-0.0281215741240432	0.972270156723112	0.160805398955905	-0.174879539534333	0.86117428759988
hsa-mir-193b	0.0051119098162295	1.00512499791944	0.000840991925329889	6.07842912906006	1.21365600684835e-09	age	0.0307472639728021	1.03122484327871	0.00650696219357126	4.72528701690933	2.2979056438932e-06	gender	-0.0140622197021044	0.986036191476108	0.160674075711158	-0.0875201530792307	0.930258067053854
hsa-mir-194-1	-0.000243286326798579	0.99975674326492	8.31399286256803e-05	-2.92622727515107	0.00343100183947084	age	0.029841090716806	1.03029079817207	0.00645704009105813	4.62148140571881	3.81009488411274e-06	gender	-0.0563606920506875	0.945198148939805	0.160051524382938	-0.352140926292207	0.724732576854472
hsa-mir-194-2	-0.000224698267068553	0.999775326975696	7.54962704550453e-05	-2.9762830099316	0.00291765474269424	age	0.0299374135243238	1.03039004345403	0.0064622208422294	4.6326818991837	3.6095894368256e-06	gender	-0.0536722350648219	0.947742692421578	0.160009883712878	-0.335430748522582	0.737300176155334
hsa-mir-195	0.00292547630918033	1.00292975969096	0.00180666494393765	1.61926887384233	0.105389424723004	age	0.0298003028045791	1.03024877561844	0.00652553312209911	4.56672309326859	4.95407746468635e-06	gender	-0.0317323302819829	0.96876585666135	0.161010599161357	-0.197082244568149	0.84376317771348
hsa-mir-196a-1	0.000330107173527295	1.0003301616649	0.000795018934219912	0.415219259967944	0.677981400749093	age	0.0296912182494506	1.03013639751855	0.00651036998394652	4.56060382476942	5.10067348158651e-06	gender	-0.0457028143911403	0.955325829096225	0.160298445967242	-0.285110776435599	0.775559274151765
hsa-mir-196a-2	0.000156332390099228	1.00015634461064	0.000652204200748458	0.23969853294386	0.810563972335423	age	0.0296816580999111	1.03012654930762	0.00650798757421216	4.5608043594804	5.09580422922858e-06	gender	-0.0478595777481618	0.95326763766777	0.160169461543364	-0.298805885260496	0.765088160196285
hsa-mir-196b	3.81705035931823e-05	1.0000381712321	6.36522610701086e-05	0.59967239107406	0.548724591664667	age	0.0294922661546859	1.02993147011042	0.00649922747465851	4.53781103518545	5.68411580849941e-06	gender	-0.0508921206805312	0.950381191478555	0.160045288707661	-0.317985746981224	0.750495748487813
hsa-mir-197	0.00152991348716791	1.00153108440186	0.000567818392519698	2.6943711357762	0.00705215904800541	age	0.0283616765787045	1.02876769832442	0.006478993808988	4.3774816607109	1.20058459597378e-05	gender	-0.0833260835621376	0.920051084764998	0.160393498100472	-0.51951035764518	0.603404891919645
hsa-mir-1976	0.0271750840058916	1.02754769418152	0.0159658122776641	1.70207963950003	0.0887404401115588	age	0.029657146530172	1.03010129959832	0.0064792631741024	4.57724061104842	4.71149441208871e-06	gender	-0.0316787897606869	0.96881772627888	0.160615252093598	-0.197234007030828	0.84364441950838
hsa-mir-199a-1	0.00034666940702957	1.00034672950381	8.8199278284571e-05	3.93052430555108	8.47608240928934e-05	age	0.0302326364305067	1.03069428310421	0.00657452921420629	4.59844886918745	4.25648147115989e-06	gender	-0.0639582078759417	0.9380442015712	0.160905344720365	-0.397489642044481	0.691006423219864
hsa-mir-199a-2	0.000198595011089009	1.00019861473238	4.98670294054884e-05	3.98249130651347	6.81966201021701e-05	age	0.030202488158741	1.03066320992126	0.0065718104165447	4.5957637613382	4.31166987804927e-06	gender	-0.065086603566266	0.936986313507228	0.161005012060898	-0.404252033729533	0.686027393877588
hsa-mir-199b	0.000147666088633425	1.00014767699181	3.67694074409234e-05	4.01600403462244	5.91932425557446e-05	age	0.0301228428794019	1.03058112573085	0.00657052806965095	4.58453910554592	4.5498893117198e-06	gender	-0.0685831772124517	0.933715792996617	0.16119218451608	-0.425474581279157	0.670490747605234
hsa-mir-19a	0.0165142890451432	1.01665140366007	0.00457348920753227	3.61087307650035	0.000305167985847762	age	0.028790630633745	1.02920908706129	0.0065090081845156	4.42319779259697	9.72506319239458e-06	gender	-0.0354716237643836	0.965150121168673	0.160295934836106	-0.221288355195355	0.824867916454271
hsa-mir-19b-1	0.0109981146074746	1.01105881620019	0.00262274233882854	4.19336449663866	2.74847280688799e-05	age	0.0290060461514056	1.02943081855091	0.00648836012527805	4.47047414005285	7.80463807130536e-06	gender	-0.0448365989581914	0.956153705580812	0.159859833900629	-0.280474449798706	0.779113525223018
hsa-mir-19b-2	0.0113848831790213	1.01144993760614	0.0026520142155909	4.29291936373901	1.76339061622071e-05	age	0.0286008757489994	1.02901380813775	0.00648318517678939	4.41154694322077	1.02634695994396e-05	gender	-0.0448869470527257	0.956105566275525	0.160013441817306	-0.280519852225759	0.779078696762472
hsa-mir-200a	-0.000860120679160076	0.9991402491186	0.000590148753019096	-1.4574641982379	0.144988287078572	age	0.0299455669335867	1.03039844468	0.0065151323571691	4.59630983561451	4.30039088409571e-06	gender	-0.0284358422581129	0.971964651202986	0.160930761514105	-0.176696126896912	0.859747083296101
hsa-mir-200b	-0.000569242678413292	0.999430919309462	0.000690340269648109	-0.824582750624494	0.409608517748449	age	0.0296244168365577	1.03006758525013	0.00651073498056525	4.55008795857726	5.36234953351256e-06	gender	-0.0442773484677548	0.956688584561316	0.160286814983835	-0.276238244999879	0.782365084319439
hsa-mir-200c	-3.2564457933163e-05	0.999967436072283	0.000121570276341178	-0.26786529498192	0.788803008355215	age	0.0296737985070867	1.0301184529642	0.00650552770158884	4.56132075186453	5.08328600852987e-06	gender	-0.0502343682622859	0.951006512636212	0.160217999761965	-0.313537607116046	0.753872253612412
hsa-mir-203a	0.000186809223787605	1.00018682667372	0.000164023291733312	1.13891888044377	0.254736989963504	age	0.0296624702511392	1.03010678358481	0.00649800521585885	4.5648578703424	4.99832861194305e-06	gender	-0.0504532987234965	0.950798331131254	0.159993026958299	-0.315346860314399	0.752498309211546
hsa-mir-203b	0.00628003178971342	1.00629979253373	0.00365264703880211	1.7193097835626	0.0855579794492114	age	0.0299348469958458	1.03038739893203	0.0065063699854133	4.60085225140241	4.20765813396797e-06	gender	-0.0505690094685384	0.950688319912837	0.159916096642666	-0.316222134795695	0.751833907984726
hsa-mir-204	-0.00129927351127682	0.998701570179117	0.000286078943209515	-4.54166076223678	5.58128011052598e-06	age	0.0325309941093056	1.03306591160556	0.0065857867840915	4.93957596499888	7.82926387405661e-07	gender	0.166182303577402	1.18078834404223	0.165898311077291	1.00171184684321	0.316482783296492
hsa-mir-20a	0.00156162805264826	1.0015628480287	0.000574834775378725	2.71665549743297	0.00659452094985113	age	0.0296896143790811	1.03013474531463	0.0065098045091025	4.56075360443879	5.0970362089713e-06	gender	-0.0609921996548361	0.940830578550641	0.16026153351391	-0.380579159062784	0.703515548214258
hsa-mir-20b	0.0032605727015413	1.0032658941508	0.00223778178786288	1.45705569650525	0.145101006477355	age	0.0296154510676875	1.03005834994364	0.00650091132021817	4.55558453406093	5.22401009613765e-06	gender	-0.0752121416933239	0.927546694129046	0.161819228680342	-0.464791127152744	0.642081042430541
hsa-mir-21	5.63836155141484e-06	1.00000563837745	7.425372978473e-07	7.59337149495532	3.11687284608895e-14	age	0.0292266135267496	1.02965790244738	0.00660718531875107	4.42345902479911	9.71330610138537e-06	gender	0.129048842770297	1.1377456934602	0.161983542296789	0.796678730076491	0.425637640001741
hsa-mir-210	-4.34276721933479e-05	0.999956573270774	3.82395854192247e-05	-1.13567319617212	0.256093362432898	age	0.0303746158582866	1.03084063087768	0.00652867610496772	4.65249238435559	3.27946853973961e-06	gender	-0.0336490650078748	0.966910767927073	0.160638563312982	-0.209470654579463	0.834080841481408
hsa-mir-2110	0.103563516716727	1.10911623854976	0.0734507135011713	1.40997291626141	0.158547680264786	age	0.0300681311915912	1.03052474244046	0.00654404702069427	4.59473030931878	4.33309313523747e-06	gender	-0.0515846824346465	0.949723221682164	0.160077364410857	-0.322248449207649	0.747264483252616
hsa-mir-212	0.0750522615421548	1.07794048424464	0.0287314493317698	2.61219894184613	0.0089961887246987	age	0.0307009086646975	1.03117704164131	0.00656914783657233	4.67349942922227	2.96110529061255e-06	gender	-0.0339311087041451	0.96663809529473	0.160488476271721	-0.211423956986773	0.83255646426567
hsa-mir-214	0.0122357640095349	1.0123109272169	0.00341864720094175	3.57912451631868	0.000344747190560875	age	0.0296302028918314	1.03007354529536	0.00654882760372607	4.52450494726305	6.05370370234551e-06	gender	-0.0544235962712889	0.947030862782856	0.160496845057307	-0.339094492803621	0.734538547036295
hsa-mir-215	-0.00101900611561776	0.998981512894808	0.000819799898404928	-1.24299370809929	0.213870152037887	age	0.0300741723743747	1.0305309680476	0.00649309979251399	4.63171263886129	3.62653273188659e-06	gender	-0.0837549327788496	0.919656606169925	0.162128323719766	-0.516596550542381	0.605437824165188
hsa-mir-217	-0.000122988645166466	0.999877018917627	0.000740003991366152	-0.166199975407445	0.867999578800212	age	0.0296520232083042	1.03009602207133	0.00651194701380371	4.55348041767681	5.27655853659597e-06	gender	-0.0484331936471471	0.952720984994137	0.160127597149131	-0.302466248850534	0.762296658757559
hsa-mir-218-1	0.00173246004200949	1.00173396161792	0.00167167845412127	1.03635961673034	0.300034402849527	age	0.0299120806564151	1.03036394104979	0.00648984247458797	4.6090611249103	4.04491410518847e-06	gender	-0.038091237754308	0.962625109131277	0.160399932790748	-0.237476644108077	0.812287036325704
hsa-mir-218-2	0.00187106554192534	1.0018728170773	0.00177222590338547	1.05577146702972	0.291072637010361	age	0.029946274917292	1.03039917418557	0.00648917754182893	4.61480283506805	3.93468666630556e-06	gender	-0.0396734457148148	0.961103240294604	0.1602166191597	-0.24762378536567	0.804425505708044
hsa-mir-219a-1	-0.0552556548597679	0.94624320535393	0.0576832849425885	-0.957914496630405	0.338105875819367	age	0.0297303413840801	1.0301767004719	0.00650759336246019	4.56856163686918	4.9108265945414e-06	gender	-0.0448970134556393	0.956095941780109	0.160126645570229	-0.280384400083795	0.779182604184636
hsa-mir-22	3.02564261729402e-06	1.00000302564719	2.19445290618431e-06	1.37876853441115	0.167966131131827	age	0.030021160253777	1.03047633886366	0.00652949733362078	4.59777509965372	4.27026584349583e-06	gender	-0.0285731533140829	0.971831198872814	0.161032688941971	-0.177436975696154	0.859165165672052
hsa-mir-221	0.000392535815856894	1.00039261286812	0.000310102697526757	1.26582522173328	0.205575663109363	age	0.0301975659488326	1.03065813679308	0.00652195463045737	4.63014045019735	3.65417786466158e-06	gender	-0.0386339110034634	0.962102859953731	0.160164658791376	-0.24121370653801	0.809389488220021
hsa-mir-222	0.00157873758811026	1.00157998445037	0.000764386838673824	2.06536469263298	0.0388885066701191	age	0.030398769191613	1.03086552941573	0.00652504758248498	4.658781228387	3.18087028965282e-06	gender	-0.0213862542375009	0.978840810131532	0.160791276052658	-0.133006309561827	0.894188390529539
hsa-mir-223	0.000759993571346108	1.00076028243964	0.0001720042698603	4.4184575880783	9.9407781973085e-06	age	0.0270670176066173	1.02743665680194	0.00654035734615072	4.13846158154452	3.49642404814778e-05	gender	-0.0219694552825887	0.978270115579094	0.160712656270444	-0.136700218840382	0.891267756546883
hsa-mir-224	0.00375221794989077	1.00375926633259	0.000857834989858606	4.37405561005297	1.21959289355536e-05	age	0.0297185139198473	1.03016451616588	0.00654873513148764	4.53805403992516	5.67757128191084e-06	gender	-0.0233710679513829	0.976899920257471	0.160683139308426	-0.145448166198215	0.884357037830071
hsa-mir-2277	0.0207899811108041	1.02100759823704	0.0471853285520853	0.440602656562095	0.659500679287233	age	0.0294734148460258	1.02991205473738	0.00652747808380962	4.51528361606145	6.32320825785263e-06	gender	-0.0467520923274252	0.954323952497217	0.160239171815139	-0.291764440603582	0.770466735114086
hsa-mir-2355	-0.00245707764968551	0.997545938494797	0.00235592401982862	-1.04293586253442	0.296977998677414	age	0.030047254289723	1.03050322850111	0.00651780352353627	4.61002762375702	4.02615470162024e-06	gender	-0.022037279658499	0.978203767269075	0.16162957101275	-0.136344355308353	0.891549060788809
hsa-mir-23a	0.000104082735991569	1.00010408815279	7.16140436609971e-05	1.45338442951595	0.146117047159982	age	0.0301174114315427	1.0305755281984	0.00656152581109609	4.59000121292088	4.43243433945692e-06	gender	-0.0357399243223039	0.964891205587837	0.16060557553857	-0.22253227636995	0.823899550179486
hsa-mir-23b	-0.000502728628621111	0.999497397718242	0.000133229912992649	-3.77339155545985	0.000161043237704417	age	0.0293272258955215	1.02976150397968	0.00650963690698502	4.50520149043221	6.63099935516336e-06	gender	0.0641527839470533	1.06625529300961	0.16131294527627	0.397691479981245	0.69085761853578
hsa-mir-24-1	0.000716411766285642	1.00071666845049	0.000390936051664949	1.83255487242615	0.0668687944287142	age	0.029108460609298	1.02953625254902	0.00648873666476398	4.48599814003344	7.25733742419452e-06	gender	-0.0467784666442938	0.954298783186812	0.160403687792462	-0.291629620790376	0.770569825304248
hsa-mir-24-2	0.000809613092564638	1.00080994091771	0.000381055760826776	2.12465779498523	0.0336151775417333	age	0.0287398062387747	1.02915677946141	0.00648635858869767	4.43080749326026	9.38808719099486e-06	gender	-0.0388770711695988	0.961868943303224	0.160531123625902	-0.242177780180478	0.808642411503758
hsa-mir-25	7.81361060991439e-05	1.0000781391588	3.24718829015349e-05	2.40626964368151	0.0161163643658279	age	0.0301407513844938	1.03059958206345	0.00653158713737986	4.61461368432187	3.93827160757454e-06	gender	-0.0181255302026098	0.982037749222954	0.160605812264764	-0.112857249354894	0.910143729793865
hsa-mir-26a-1	5.23333776338594e-05	1.00005233474705	0.000329778600629836	0.158692460741568	0.873911178362811	age	0.0297092346066456	1.03015495699104	0.0065038466988412	4.56794816703458	4.92521782329806e-06	gender	-0.0492499053853708	0.95194320423701	0.160102566240255	-0.307614715628386	0.758375521395555
hsa-mir-26a-2	8.46107116354243e-05	1.00008461429122	0.000327708075862387	0.258189278408124	0.796260832074699	age	0.0297037551166615	1.03014931228273	0.00650513708058835	4.56619972011027	4.96645612402667e-06	gender	-0.0497306230032227	0.951485698341921	0.160113497131823	-0.310596070250587	0.756107715022349
hsa-mir-26b	4.74289716636808e-05	1.00004743009644	0.000209122030281308	0.226800455216889	0.820578909714807	age	0.0294919395440363	1.02993113372388	0.00657660704554711	4.48437003150503	7.31296628268012e-06	gender	-0.0509747857043222	0.95030263144188	0.160339641223367	-0.317917548744604	0.750547480704309
hsa-mir-27a	0.000631233702489535	1.00063143297241	0.000233447281879856	2.70396681172069	0.00685171321696601	age	0.030063343241008	1.03051980835073	0.00657713218556928	4.57088931661876	4.85658759582408e-06	gender	0.00230501649545494	1.00230767508828	0.161880888292089	0.0142389661915858	0.988639332607635
hsa-mir-27b	-0.000701240642915741	0.999299005168843	0.000220953909429595	-3.17369647238211	0.00150510997123072	age	0.0295787510871244	1.0300205475159	0.00653108325462297	4.52891961929705	5.92860456369787e-06	gender	0.0209426158778968	1.021163451388	0.160965777042019	0.130106015469549	0.896482550920751
hsa-mir-28	0.00024017942829484	1.00024020827368	5.62745416465418e-05	4.26799439439947	1.97238282964829e-05	age	0.0304871965855649	1.03095669019851	0.006619885974644	4.60539602983184	4.116816331008e-06	gender	-0.0110650929899813	0.988995899979878	0.160622965342171	-0.0688886110800512	0.945078284024407
hsa-mir-296	0.0685782369799919	1.07098441225934	0.0122098336770164	5.61663973433829	1.94706798301647e-08	age	0.0282797255992898	1.02868339325844	0.00642835750229999	4.39921482107547	1.08643241545217e-05	gender	-0.0565998723432965	0.944972103203888	0.16088380830897	-0.3518058960576	0.724983836483337
hsa-mir-29a	5.24699644342723e-05	1.00005247134101	2.26826407210114e-05	2.31322115796104	0.0207104828654907	age	0.0304422124349678	1.03091031453059	0.0065479695344436	4.64910721939615	3.33374889037059e-06	gender	-0.0289267832799221	0.971487590997757	0.159964077619392	-0.180832995197513	0.856498663617368
hsa-mir-29b-1	0.0015915162687408	1.00159278340289	0.000313965419164713	5.06908140703819	3.99740241157201e-07	age	0.0288687503597958	1.02928949173378	0.00655373720382858	4.40492950235038	1.05818285248354e-05	gender	-0.019590413476954	0.980600231704089	0.159993088817757	-0.122445373245271	0.902546306175472
hsa-mir-29b-2	0.00145003405391397	1.00145108586162	0.000321150681975415	4.51512058138794	6.32807488855835e-06	age	0.0284475336742556	1.02885602912286	0.00654429072231379	4.34692388852152	1.38060099871278e-05	gender	-0.0286706243983975	0.971736478048435	0.160088370087862	-0.179092487372206	0.857865080849574
hsa-mir-29c	-0.000107076444021784	0.999892929288456	9.48056005055528e-05	-1.12943163115677	0.258715795598642	age	0.0302831086919522	1.03074630588838	0.00651860662999432	4.64564137872799	3.39021500951795e-06	gender	-0.0493575325652012	0.951840754787851	0.160344653188147	-0.307821505636896	0.758218156504641
hsa-mir-301a	0.0229105622368525	1.02317502496931	0.00629236518609469	3.64100962981008	0.000271570977339434	age	0.0288758437447584	1.02929679290627	0.00642023271656042	4.49763194257362	6.87145179216006e-06	gender	-0.065913490002477	0.936211852473463	0.160732404596476	-0.410082149694426	0.681745686556575
hsa-mir-3065	-6.54240653548698e-05	0.999934578074753	0.00135307931732021	-0.0483519809351923	0.961435728171624	age	0.0297217384281963	1.03016783794532	0.00650178117997294	4.57132247387015	4.84655779886544e-06	gender	-0.0483823591229741	0.952769417343086	0.160603680456897	-0.301253115652969	0.763221489434715
hsa-mir-3074	-0.0342547021613787	0.966325348135776	0.0142275067172756	-2.4076391487333	0.0160560422399312	age	0.0296450010805087	1.03008878863082	0.00654243274913724	4.53118927121078	5.86525593661218e-06	gender	0.033438759520357	1.03400411887908	0.163301400411468	0.204767132652273	0.837754067210817
hsa-mir-30a	-3.30735547903671e-06	0.99999669264999	1.16332968101222e-06	-2.84300790482623	0.00446899620069398	age	0.0311720089662827	1.03166294390198	0.00656423852378739	4.74876238170232	2.04665236678833e-06	gender	0.0613112864936568	1.06322983176572	0.164221290901467	0.373345539771963	0.708891286794758
hsa-mir-30b	0.000268027533575046	1.00026806345616	0.000170294174522374	1.57390899792542	0.11550848942135	age	0.0294829697274554	1.02992189547196	0.00649151212933754	4.54177226199902	5.57832837899795e-06	gender	-0.0634014084617953	0.938566649468922	0.16041127908788	-0.395242833436054	0.692663684130899
hsa-mir-30c-1	-1.60059454301758e-05	0.999983994182664	0.000116915821800335	-0.136901449125596	0.891108693386025	age	0.0298564044230896	1.03030657586355	0.00657732394543353	4.53929358973084	5.6443001964557e-06	gender	-0.0439885518016265	0.956964912934496	0.164149369335541	-0.267978804790341	0.788715633566235
hsa-mir-30c-2	-7.73979839890078e-05	0.999922605011158	0.000116628471053485	-0.663628557331543	0.506928075059556	age	0.0303971088514335	1.0308638178297	0.0065942288217599	4.60965333067119	4.03340968484663e-06	gender	-0.0221834672973906	0.978060776421985	0.164669109358847	-0.13471541434677	0.89283688540496
hsa-mir-30d	-5.21079981255012e-05	0.999947893359473	2.20365032544604e-05	-2.3646218968499	0.018048486755159	age	0.0302147551300406	1.03067585311482	0.00648315991682091	4.66049820113904	3.15444917927744e-06	gender	-0.00526649151063617	0.994747352142624	0.160980746370198	-0.0327150397136631	0.97390183035407
hsa-mir-30e	-3.65612420295074e-05	0.999963439426325	1.29664023912269e-05	-2.81969052990712	0.00480699842035016	age	0.0293733373874851	1.02980898891379	0.00650033705391915	4.51874066588216	6.22085346909484e-06	gender	0.024478686347321	1.02478074905348	0.162152221489036	0.15096115318393	0.880006359907753
hsa-mir-31	0.0124559496604088	1.01253384809839	0.00206988344571635	6.01770582115943	1.76906309478749e-09	age	0.0309119147775303	1.03139464925797	0.00644148391040701	4.79888100435807	1.5955455063152e-06	gender	0.04535669831002	1.04640104283148	0.16110775667552	0.281530195975424	0.778303771201618
hsa-mir-3127	0.0347794652111288	1.03539134380793	0.0389632733050738	0.892621750200844	0.372059767448782	age	0.0295217426791213	1.029961829358	0.00650261539101632	4.53997982410386	5.62596114369474e-06	gender	-0.0605285546105493	0.941266891125165	0.160692264324464	-0.376673730157491	0.706416087623345
hsa-mir-3130-1	-0.0204046185105626	0.979802147005857	0.0418980582287408	-0.487006304663677	0.626253863075313	age	0.0295227069009177	1.02996282247013	0.00651001352374845	4.53496859771784	5.76120564582776e-06	gender	-0.0475262705600734	0.953585421580466	0.160153679493715	-0.296754159569207	0.7666542050765
hsa-mir-3130-2	-0.0327471590416392	0.967783223894965	0.0459846164377537	-0.712132917015125	0.476382472465234	age	0.0294781782675478	1.02991696065431	0.00650424110880979	4.532147221237	5.83871331673517e-06	gender	-0.0477466442263348	0.953375299618543	0.160173281282301	-0.298093688560844	0.76563165852269
hsa-mir-3170	-0.00837879214700048	0.991656212099262	0.0159202856878723	-0.526296594877269	0.598682148540208	age	0.02961250438425	1.03005531469223	0.00650303994662248	4.55364024015107	5.27254941655453e-06	gender	-0.0382263511349113	0.962495054384794	0.161314785729772	-0.236967435824181	0.812682053255427
hsa-mir-32	0.00884657135069051	1.00888581791015	0.00597434562120154	1.48075988762621	0.138670569003857	age	0.0301393485607402	1.03059813631489	0.0065093623910029	4.63015373093963	3.65394349416024e-06	gender	-0.086012560360918	0.917582705977811	0.162134125970399	-0.530502507390833	0.595763571011346
hsa-mir-3200	-0.0341032213543666	0.966471738966768	0.0513837666144439	-0.663696408444691	0.506884638542515	age	0.0293012795839144	1.02973478581344	0.00653361048219372	4.48469948794318	7.30167668043872e-06	gender	-0.0298154691920046	0.970624627170567	0.162447550375477	-0.183539050746471	0.854375081084403
hsa-mir-320a	0.000413945792370746	1.00041403147975	0.00022472502932921	1.84201018287259	0.0654736603991671	age	0.029916547881524	1.03036854392774	0.00648819293465981	4.61092143572216	4.00888035875706e-06	gender	-0.0237355042665502	0.976543967315274	0.160982865163291	-0.14744118414388	0.882783800469401
hsa-mir-320b-1	0.115844849396979	1.12282165216202	0.0403907703104364	2.86810200713223	0.00412942371798025	age	0.0297725428326816	1.03022017633834	0.00648097046461374	4.59384022736107	4.35162607307104e-06	gender	-0.043842052937336	0.957105117477059	0.160139066513856	-0.273774875124195	0.784257632926963
hsa-mir-320b-2	0.108744121376982	1.11487704063868	0.0237584203192624	4.57707709164556	4.71517732513803e-06	age	0.0294176940169512	1.02985466878263	0.00649480638951456	4.52941816163206	5.91463379467628e-06	gender	0.0284845481823644	1.0288941124275	0.162271344375723	0.175536526747515	0.860658072128585
hsa-mir-323b	0.0142611310736525	1.01436330613628	0.00552942777634388	2.57913325763378	0.00990485694738386	age	0.0291117501004313	1.02953963920496	0.00652716409158878	4.46009165572322	8.1924609646335e-06	gender	-0.0476017554875985	0.953513442970713	0.160262624056608	-0.297023437422219	0.766448615687442
hsa-mir-324	0.00455779001430445	1.00456819253738	0.00468139942832971	0.973595627564434	0.330257358198792	age	0.0296046851670936	1.03004726049753	0.00650531766915044	4.55084388998943	5.34311812160674e-06	gender	-0.0657799339557552	0.936336897577453	0.161112865982774	-0.408284798079305	0.683064598661885
hsa-mir-326	-0.00301166818399074	0.996992862339349	0.0186128245575172	-0.161806080247741	0.871458564797658	age	0.0297188109636233	1.03016482216988	0.00650173253957293	4.57090641344274	4.85619134069331e-06	gender	-0.048522665136709	0.952635747441695	0.160165084241692	-0.30295407620482	0.761924859723172
hsa-mir-328	-0.00414897146299173	0.995859623628071	0.00234392432784259	-1.77009616467037	0.0767111223654978	age	0.0298564244741287	1.03030659652227	0.00652888789661938	4.57297244904269	4.80853387643196e-06	gender	0.0234139729258021	1.023690231883	0.164299829363038	0.142507591252979	0.886679083616442
hsa-mir-330	0.0132518672060499	1.01334006235112	0.00860146587148545	1.54065218696977	0.123401459359179	age	0.0297284740301647	1.0301747767692	0.00650222566506498	4.57204587498235	4.82985159529244e-06	gender	-0.0212292583562555	0.978994496170839	0.161204179311669	-0.131691736820367	0.895228121654504
hsa-mir-331	0.00360607404253142	1.00361258375001	0.00436631379386883	0.825885223273477	0.408869203671908	age	0.0293559227274032	1.02979105529645	0.0065236169654322	4.49994579432796	6.79707927967263e-06	gender	-0.0485577651165847	0.952602310532952	0.160291943918446	-0.302933284914743	0.761940704744881
hsa-mir-335	0.00485556292691153	1.00486737027529	0.00108824713144522	4.46182010189471	8.12664379639208e-06	age	0.0319104117450851	1.03242500800705	0.00651616978217872	4.89711177145167	9.72555250304991e-07	gender	-0.0823537382702657	0.920946127180171	0.161023491428735	-0.511439278452816	0.609043497021468
hsa-mir-337	0.00415526487653699	1.00416390995969	0.0011306721601416	3.67503952340758	0.000237812597204319	age	0.0294296166890494	1.02986694747535	0.00652709049724289	4.50884152770377	6.51825731855491e-06	gender	-0.0747705150601128	0.927956413917647	0.161353056525002	-0.463396954916233	0.643079860933717
hsa-mir-338	-0.000301466264107784	0.99969857917228	0.000422833948683814	-0.712966082894197	0.475866745238649	age	0.0295578354056559	1.02999900415952	0.00651500818831485	4.53688384592824	5.70915297636649e-06	gender	-0.039920671320612	0.960865660332924	0.160681176101051	-0.248446472009306	0.803788980967056
hsa-mir-339	0.00382033356361086	1.00382764033969	0.00227483505328949	1.679389263009	0.0930762044627085	age	0.0288903025916413	1.02931167545859	0.0065117129919498	4.43666706861273	9.13624317925801e-06	gender	-0.0293656851036955	0.971061296879771	0.16066728222525	-0.182773273419325	0.85497592005673
hsa-mir-33a	-1.33391613683846e-05	0.999986660927598	0.00511357345604851	-0.00260857920259394	0.9979186572891	age	0.0297228447142441	1.03016897760625	0.0065022593274281	4.57115645770478	4.85039957189996e-06	gender	-0.0490367728821502	0.95214611589782	0.160670230311208	-0.305201360495776	0.760212796284358
hsa-mir-33b	0.0208261775599205	1.02104455575548	0.0177158626891895	1.17556666165791	0.239768084241244	age	0.0294751618540753	1.0299138540036	0.00650558813158759	4.53074514677004	5.87760076174251e-06	gender	-0.0457348618565444	0.955295213815341	0.160178073396514	-0.285525108941282	0.775241870509968
hsa-mir-340	0.00301677996616396	1.00302133502623	0.00632207909036739	0.477181623804812	0.633232795377286	age	0.0294632458293478	1.02990158159777	0.00651764306349365	4.5205368784885	6.1682998038839e-06	gender	-0.0482316464467009	0.952913022593139	0.160187881722449	-0.301094227154273	0.763342642960125
hsa-mir-342	0.00285098358044308	1.00285505149907	0.000653452173267791	4.3629567657352	1.28316309051012e-05	age	0.0287913251956352	1.02920980191095	0.00654426767990687	4.3994724243989	1.08514364629096e-05	gender	-0.0465256530114348	0.954540073428469	0.160374159095165	-0.290106917934496	0.77173444353485
hsa-mir-345	0.0158459456286353	1.01597215839738	0.0131095899141262	1.2087293143747	0.226766855670499	age	0.0298174905582692	1.03026648343282	0.00652477902304719	4.5698851183996	4.87991642298881e-06	gender	-0.053071008784217	0.948312671561563	0.160038541240098	-0.331613924827002	0.740180803552823
hsa-mir-34a	0.000711113953062892	1.00071136685453	0.000472003162985463	1.50658726218069	0.131916484416159	age	0.0290263588236274	1.02945172925407	0.00654049842478134	4.43794294233743	9.08226856469365e-06	gender	-0.0409877069198759	0.959840929276724	0.160271258060221	-0.255739596830736	0.798151917759262
hsa-mir-34c	0.00334975498412958	1.00335537168313	0.0011515485656802	2.90891333979558	0.00362687380215066	age	0.0315498104227306	1.03205278130068	0.00656250435011525	4.80758697282639	1.52762966215074e-06	gender	-0.0373956746205511	0.963294908585716	0.160667523842163	-0.232751919779929	0.815954050013776
hsa-mir-3605	-0.00152982681727616	0.998471342771271	0.0205676408499589	-0.0743802766897893	0.94070780224651	age	0.0297452822994287	1.03019209236976	0.00650845434210654	4.57025289506775	4.87136006570031e-06	gender	-0.0489044728591527	0.952272093184065	0.160111368774392	-0.305440352134285	0.760030792624033
hsa-mir-3607	-0.00134461895533231	0.998656284639693	0.000670707092375254	-2.00477819694802	0.044986764421706	age	0.0311754855280784	1.03166653054819	0.00652512091756385	4.777763649431	1.77255554807056e-06	gender	-0.0299710873448758	0.970473592111158	0.160159384792717	-0.187132882557368	0.851556446979919
hsa-mir-361	0.00109193125624203	1.00109252763022	0.000870968345852636	1.25369798046229	0.209951802269684	age	0.0299522553207784	1.03040533640681	0.00651659761296091	4.59630271803281	4.30053771351924e-06	gender	-0.0634024151480228	0.938565704627278	0.160738450199615	-0.394444609048337	0.693252814552723
hsa-mir-3613	0.0268785624781537	1.02724304933852	0.0073096570184175	3.67713046048948	0.000235872422346458	age	0.0262629512662837	1.02661086161093	0.00651782414735608	4.0294047020181	5.59182787553278e-05	gender	-0.036897658978413	0.963774763996016	0.160168128330159	-0.230368297133091	0.817805593915176
hsa-mir-3615	0.0558605794505123	1.05745024316477	0.0454041106924382	1.23029784305005	0.218585591744473	age	0.0296048699284858	1.03004745081052	0.00651018173268645	4.54747212045481	5.42941098915919e-06	gender	-0.0556838755316372	0.9458380911981	0.160369775679412	-0.34722175856224	0.728424725573964
hsa-mir-362	-0.00387065805400911	0.996136823287193	0.00577425425742477	-0.670330380591062	0.502647204374017	age	0.0300028203716018	1.03045744022232	0.00651984369795334	4.60176988307557	4.18915890695824e-06	gender	-0.0422558526563194	0.958624482573471	0.160409036913899	-0.263425636543162	0.792222533081772
hsa-mir-363	0.0079273831034976	1.00795888800037	0.00613778171806052	1.29157136366892	0.196505626388682	age	0.0295603090917363	1.03000155205687	0.00649626635369195	4.5503536158022	5.35558349185022e-06	gender	-0.0752452159878552	0.927516016683813	0.162097057900789	-0.464198529956717	0.642505514334128
hsa-mir-3653	-0.00409298344267235	0.995915381397783	0.00266239977693236	-1.53732864543293	0.124212850106978	age	0.0300261163513938	1.03048144601764	0.00650180073908263	4.6181231256297	3.87226480168041e-06	gender	-0.0561050373699618	0.945439824162179	0.159951397253111	-0.350763033855715	0.725766131985495
hsa-mir-365a	0.00871704318084504	1.00875514723952	0.00124522522320193	7.00037472613213	2.55278802205381e-12	age	0.0289964377194346	1.02942092738244	0.00659585038954578	4.39616364940494	1.10180878048781e-05	gender	-0.0411238277887876	0.959710283787404	0.160685971569886	-0.255926683499573	0.798007450149664
hsa-mir-365b	0.00878431841012517	1.00882301375618	0.00124771645694251	7.04031622028203	1.91804037741354e-12	age	0.0289873202615431	1.02941154172326	0.0065982735558818	4.39316739690239	1.11711043215029e-05	gender	-0.041042183665997	0.959788641690345	0.160726208404294	-0.25535464361082	0.798449198901065
hsa-mir-3677	0.041990137235593	1.04288419297894	0.0195176434218678	2.15139380959009	0.0314451293916509	age	0.0297236267593828	1.03016978324521	0.00649681730430657	4.57510583523409	4.75979307822139e-06	gender	-0.0279911796348416	0.972396943659543	0.161040114402665	-0.173814951254023	0.86201089385241
hsa-mir-369	0.0111958341985285	1.01125874209984	0.00328207419598853	3.41120691671517	0.000646759903864033	age	0.0287543128220196	1.02917170911819	0.00655534150922646	4.38639432919684	1.15245112733524e-05	gender	-0.0375871819642582	0.963110448199889	0.160405245591959	-0.234326388925416	0.81473160074158
hsa-mir-370	0.0193893486645478	1.01957854289134	0.00592405128877029	3.27298798059067	0.00106417002750852	age	0.0293102933987441	1.02974406769395	0.00652537873280019	4.4917382728169	7.06442063508023e-06	gender	-0.0834973563905658	0.919893518507206	0.161761506941731	-0.516175683382098	0.605731712117811
hsa-mir-374a	8.72463040616726e-05	1.00008725011013	0.000254443219929993	0.342891054773153	0.731680421528591	age	0.0301372147691652	1.03059593723562	0.00661329545375498	4.55706462533041	5.18734673487596e-06	gender	-0.0573573031364169	0.944256623231769	0.161970730923176	-0.354121407056081	0.723247899737243
hsa-mir-374b	0.00576746312510222	1.00578412696117	0.00220748813415994	2.61268137112638	0.00898350117392271	age	0.0302770821094447	1.03074009402944	0.00648408924556295	4.66944253276022	3.02018167071738e-06	gender	-0.142562995796707	0.867132926842046	0.164875434431561	-0.86467093347302	0.387219427394873
hsa-mir-375	8.08178847282804e-05	1.00008082115058	0.000201092136888395	0.401894802943657	0.687761447665471	age	0.0298261865097195	1.03027544261909	0.00651221145622482	4.58003962405269	4.64887846973874e-06	gender	-0.0444889045154952	0.956486212712697	0.160597723392764	-0.277020767017297	0.781764160156794
hsa-mir-376c	0.0312975732893876	1.03179249209435	0.00555288735808241	5.63627015481108	1.73772700836296e-08	age	0.0290463887004505	1.02947234925191	0.00653978068499366	4.4414927808055	8.9336944704424e-06	gender	-0.0807866524773705	0.922390460173376	0.161246390736158	-0.50101371018939	0.616361474018108
hsa-mir-378a	-0.000114080233394902	0.999885926273507	0.00026829959955643	-0.425197181000296	0.670692939021095	age	0.0297662375131906	1.03021368049146	0.00650272178535194	4.57750438904554	4.70555920267797e-06	gender	-0.0408315844937252	0.959990793669613	0.161071799481785	-0.253499275634172	0.799882420849852
hsa-mir-378c	-0.0164221190982958	0.983711988784133	0.00879242825955928	-1.86775696241153	0.0617959548213694	age	0.0299764374313336	1.03043025408385	0.0064971893445662	4.61375463167066	3.95459251650114e-06	gender	-0.0254336706321594	0.974887040462349	0.160297501845795	-0.158665421103233	0.873932482962986
hsa-mir-379	0.000358081896638826	1.00035814601561	8.28943819277412e-05	4.31973661316355	1.56215534953493e-05	age	0.0291553912598665	1.02958457048892	0.00653274263010858	4.46296340001104	8.08338643883257e-06	gender	-0.0643347159922757	0.937691086795289	0.160625155331266	-0.400527027411085	0.688768380793171
hsa-mir-381	0.00771694680745459	1.00774679918179	0.00145859459821635	5.29067282772835	1.21867199864705e-07	age	0.0297895968462162	1.03023774587699	0.00651016836797138	4.57585659270727	4.7427536002421e-06	gender	-0.0737088026063081	0.928942159995738	0.161047257829828	-0.457684307075834	0.647179264025076
hsa-mir-382	0.00638098855559232	1.0064013904347	0.00172283284809603	3.70377692916884	0.000212413060860392	age	0.0290740424414723	1.02950081840729	0.00654116864035663	4.44477799610548	8.79826733047914e-06	gender	-0.0686916331406108	0.933614531474956	0.161099308124498	-0.426393098395715	0.669821429567133
hsa-mir-3928	0.0131021563355834	1.01318836568391	0.0567548940184233	0.230855092978067	0.817427379002256	age	0.0297261416192034	1.03017237398106	0.00650229073449043	4.57164141577453	4.83918535392808e-06	gender	-0.0453101734287096	0.955701002798658	0.160928482898415	-0.281554716807412	0.778284966656326
hsa-mir-409	0.00377253727710142	1.00377966225278	0.00104758620600716	3.60117120239709	0.000316786876063045	age	0.028949053329954	1.02937215005592	0.00654249387962491	4.42477346751659	9.65435365948143e-06	gender	-0.066388960972937	0.935766816724585	0.160797186785966	-0.412873895992385	0.679699007291119
hsa-mir-410	0.0111256945530167	1.01118781525757	0.00469745740938202	2.36845033034165	0.0178627786977257	age	0.0291840133342717	1.02961403975684	0.00652067130347916	4.47561485252298	7.61917268177133e-06	gender	-0.0456962523843518	0.955332097971369	0.160322270779889	-0.285027477231093	0.775623090885674
hsa-mir-411	0.0213314926222136	1.02156063532919	0.00549260399586986	3.88367569157611	0.000102889123706954	age	0.0291344243391406	1.02956298349716	0.00653807656798748	4.45611550066453	8.34580794029666e-06	gender	-0.0752557837371257	0.927506214978896	0.161583981970479	-0.465737895671334	0.641403123498141
hsa-mir-421	0.133741891997685	1.1430977388911	0.0415491333241891	3.21888524013625	0.00128689977176043	age	0.0300552572262727	1.03051147558607	0.0065153494580552	4.61299235286821	3.96912911202393e-06	gender	-0.108802653912996	0.896907401200173	0.161960848827408	-0.671783673034093	0.501721424264137
hsa-mir-423	0.0024793643860174	1.00248244055168	0.00125919978032068	1.96900001474427	0.0489530893886481	age	0.0279830195835303	1.02837822198267	0.00653662073234415	4.28096117693754	1.86087823102435e-05	gender	-0.069816545106662	0.93256488780587	0.160728345312115	-0.434376058380285	0.664015380542825
hsa-mir-424	0.000193548351692769	1.00019356708338	0.000189274054026535	1.02258258633608	0.306505246454023	age	0.029506731073722	1.02994636809349	0.00647706833888202	4.55556889782872	5.22439874271808e-06	gender	-0.0335311300699927	0.967024807212902	0.160810566799718	-0.208513226072725	0.834828256676124
hsa-mir-425	0.00280080077770514	1.00280472668458	0.00057826684246524	4.84344003845162	1.27610243584589e-06	age	0.0263990954933204	1.02675063826783	0.00657235600823117	4.01668678024415	5.90220872522461e-05	gender	-0.0141104007276873	0.98598868438562	0.160275265968372	-0.0880385419573829	0.929846043004467
hsa-mir-429	-9.45678528044633e-05	0.999905436618594	0.00373909955943041	-0.0252916113361981	0.979822364976466	age	0.029728099813935	1.03017439126115	0.00650531298724559	4.56981852713627	4.88146721298605e-06	gender	-0.0485495621975996	0.952610124684579	0.161105989863851	-0.301351689273803	0.763146329315045
hsa-mir-431	0.010922653140045	1.01098252309689	0.00371167410284805	2.94278345495468	0.00325275854875614	age	0.0290191670883323	1.02944432573636	0.00653138135928116	4.44303670112537	8.86980287055895e-06	gender	-0.0710370114151125	0.931427418042812	0.161379775110421	-0.440185341481029	0.65980287556447
hsa-mir-432	0.00958196497334384	1.00962801897814	0.00362529285595623	2.64308715297331	0.0082153885730446	age	0.0292348404738014	1.02966637342327	0.00652240711954037	4.48221644831357	7.38717612701749e-06	gender	-0.0722798354482238	0.930270536711442	0.161455150969954	-0.447677482037565	0.654385975188233
hsa-mir-4326	0.0567609536329302	1.05840277281511	0.0137765471711119	4.12011463597733	3.78683941124274e-05	age	0.0288932200802325	1.02931467846804	0.00654548047376178	4.41422447077092	1.01372733279865e-05	gender	-0.0876176142918171	0.916111117553974	0.161110712183212	-0.543834814609844	0.586555149040601
hsa-mir-450a-1	0.0172730318172543	1.0174230732767	0.00374415132645852	4.61333699180165	3.96255054345533e-06	age	0.0307579769437902	1.03123589081971	0.00646580112373161	4.75702489996149	1.96466943696426e-06	gender	-0.0578240625190973	0.94381598543713	0.160435738737198	-0.360418837936203	0.718533941293035
hsa-mir-450a-2	0.0184531040945949	1.01862441473527	0.00380224421819115	4.85321379576549	1.21476607646968e-06	age	0.0300162387802607	1.03047126741413	0.00645178427660625	4.65239343000006	3.28104315367371e-06	gender	-0.0482943908243572	0.952853234534278	0.16008890417687	-0.301672318095203	0.762901872654986
hsa-mir-450b	0.00362557696670548	1.003632157321	0.00127124163358512	2.85199671794947	0.00434455491944094	age	0.0296531475349736	1.03009718023641	0.00645961006555473	4.59054760798895	4.42084602893556e-06	gender	-0.035523636301552	0.965099922567612	0.160452584250208	-0.221396473403986	0.824783738120657
hsa-mir-451a	-3.43805513621346e-05	0.999965620039642	4.54171661906248e-05	-0.756994639820386	0.449053073782319	age	0.0298110532489339	1.03025985131011	0.00650551050536341	4.58243103663524	4.59601304005082e-06	gender	-0.0576626735793169	0.943968319190528	0.160473684001761	-0.359327910604235	0.719349797039658
hsa-mir-452	0.00215923940826815	1.00216157224443	0.00127558364272519	1.69274623470013	0.0905037805994574	age	0.029320330021672	1.02975440289874	0.00652092403306297	4.49634589714732	6.91312414078203e-06	gender	-0.0230593420847396	0.977204492700825	0.161294813688134	-0.142963940113568	0.886318660216393
hsa-mir-454	0.0518685378998862	1.05323727262802	0.0106465968098041	4.87184203802312	1.10562552171746e-06	age	0.0265984102049754	1.02695530517112	0.00645908839399467	4.11798207154205	3.82204421991704e-05	gender	0.0176546599503612	1.01781142464293	0.160810664087622	0.109785380531366	0.912579585599885
hsa-mir-455	-0.000484914131334079	0.999515203420522	0.000158806849021421	-3.05348374029303	0.00226200979647357	age	0.0315963258037485	1.03210078874557	0.00657216515572393	4.80759765695026	1.52754804771449e-06	gender	0.0942918357759075	1.09888039173869	0.16568343478059	0.56910840785487	0.569282572848202
hsa-mir-4661	0.0535566322772669	1.05501673807622	0.0222841803817279	2.40334763764438	0.0162457352963039	age	0.0293282302113552	1.02976253818598	0.00654218499619399	4.48294113181106	7.36212439308665e-06	gender	-0.0136690807302588	0.986423916940629	0.161189437815514	-0.0848013425414607	0.932419326193304
hsa-mir-4662a	-0.00295936625203728	0.99704500835585	0.0038120053698702	-0.77632793369807	0.437555383801038	age	0.0294919469104108	1.02993114131074	0.00652346020951366	4.52090546477166	6.1575683514256e-06	gender	-0.0478236718789761	0.953301866185366	0.160256045387667	-0.298420391962676	0.765382327170495
hsa-mir-4668	0.0391123070712075	1.0398872637854	0.019348624448763	2.02145155976232	0.0432330419517152	age	0.0282115815392914	1.02861329698392	0.00649746492256572	4.34193672078359	1.41232214268005e-05	gender	-0.113837223208474	0.892403206591082	0.164667167990576	-0.6913170645832	0.489366310223218
hsa-mir-4677	0.0551740576128915	1.05672452961824	0.0189552078314459	2.91075983463289	0.00360551039174825	age	0.0292164004895139	1.02964738656658	0.00653136257879725	4.47324737174431	7.70405647528478e-06	gender	-0.0627675474435175	0.939161758869476	0.16056449956481	-0.390917965139498	0.695857874264944
hsa-mir-4772	0.032699353382011	1.03323985247297	0.0118330742486757	2.76338614081378	0.00572050467053614	age	0.0284043050257545	1.02881155402852	0.00655180090589736	4.33534312683211	1.45532930939116e-05	gender	0.00230666736075158	1.00230932976461	0.162194944771083	0.0142215736995203	0.988653208403529
hsa-mir-484	0.00489697619759405	1.00490898598141	0.00192398066017443	2.54523150827831	0.0109205309571379	age	0.0276164337831205	1.02800130221998	0.00652468039268263	4.23261096652214	2.30993877107722e-05	gender	-0.0434734121092659	0.957458010541515	0.160551022577515	-0.270776301585227	0.786563087782007
hsa-mir-486-1	-0.000713536280976221	0.999286718225499	0.000541428125234381	-1.31787812217427	0.187544450522756	age	0.0300949583189033	1.03055238882976	0.00651887759018826	4.61658589266963	3.90104604483433e-06	gender	-0.0601685169940677	0.941605843627282	0.160306781185096	-0.375333573222926	0.70741240037053
hsa-mir-486-2	-0.000651923864153196	0.999348288592038	0.00053612689044379	-1.21598799794122	0.223989494080671	age	0.0299707656119163	1.0304244096861	0.00651315520274257	4.60157399585629	4.19310138993182e-06	gender	-0.0597190039006063	0.942029202928518	0.160341470934416	-0.372448896424513	0.709558654134065
hsa-mir-487b	0.0232201815835172	1.02349186880002	0.00661173995948629	3.51196231639475	0.000444811065108934	age	0.0287549269489771	1.02917234116047	0.0065429774990605	4.39477698847444	1.10886531851415e-05	gender	-0.0447306758341138	0.956254989732477	0.160263828193629	-0.279106497943321	0.780163096576462
hsa-mir-489	0.00336352685284401	1.00336918985673	0.00583146432401824	0.576789407591939	0.564081725918415	age	0.0295013068740588	1.0299407814739	0.00651640201432944	4.52723862174035	5.9759447075017e-06	gender	-0.0369301828433681	0.963743418825481	0.161574270503282	-0.228564750614907	0.819207224259137
hsa-mir-491	0.0298381443104014	1.03028776252114	0.0388545843870801	0.767943983472982	0.442520465171089	age	0.0295798454806676	1.03002167476435	0.0065061868667337	4.54641806123186	5.4566599101554e-06	gender	-0.0690637687015292	0.933267164945332	0.162393971252683	-0.425285299502079	0.670628708653737
hsa-mir-493	0.00481010564686044	1.00482169277602	0.00153092375078825	3.14196291251199	0.0016781929177303	age	0.0294328488775579	1.02987027620484	0.00652822586921668	4.50855247155987	6.52714272863881e-06	gender	-0.070619964325995	0.931815948148275	0.161356704345713	-0.437663650930108	0.661630122828208
hsa-mir-495	0.00439030317753758	1.0043999546777	0.00193161584615116	2.2728655836436	0.0230342813570121	age	0.0291043150893654	1.02953198459481	0.00653058908823831	4.45661405060421	8.3264311808904e-06	gender	-0.0377282716229796	0.96297457286097	0.160488271357949	-0.235084291853524	0.814143310378605
hsa-mir-497	0.00445805403191686	1.00446800593801	0.00239290066115556	1.86303347409499	0.0624575568091214	age	0.0297630295359733	1.03021037559475	0.00654791450858167	4.54542121723886	5.48255015727382e-06	gender	-0.0404007675509604	0.960404463069919	0.160649929898986	-0.251483256646073	0.801440505592527
hsa-mir-5000	0.0527526912225548	1.05416890765558	0.0409813830868972	1.28723550180573	0.198012216609789	age	0.0296659857620416	1.0301104049428	0.00649041631230459	4.57073696579379	4.86012001685409e-06	gender	-0.0614832940923688	0.940368655320102	0.160400900282229	-0.383310155891815	0.70148980996303
hsa-mir-500a	0.000106631335505338	1.00010663702083	0.000479010290800131	0.222607608966443	0.823840913942331	age	0.0296825523146994	1.03012747046243	0.0064997214552023	4.56674220876678	4.95362591063451e-06	gender	-0.0557172239223035	0.945806549545862	0.162995218716574	-0.34183348665698	0.732476207257893
hsa-mir-500b	0.0126493109331048	1.01272965186173	0.0170890901487424	0.740198034126215	0.459179840271162	age	0.0295137897492484	1.02995363817637	0.00650123968401559	4.53971722067302	5.63297225840974e-06	gender	-0.0776069458005734	0.925328059154693	0.165138643999533	-0.469950242541613	0.638390567229287
hsa-mir-501	-0.00173575054805466	0.998265754995719	0.00210527634690597	-0.824476345162767	0.409668951096168	age	0.0303843155191919	1.03085062973074	0.00657410553886058	4.62181742285477	3.80392731653534e-06	gender	-0.0178044100875086	0.982353151936385	0.163907370827319	-0.108624828753223	0.913500066781015
hsa-mir-5010	0.112816703028891	1.11942672661394	0.0579308254982413	1.94743820856334	0.0514822210529428	age	0.028596537926524	1.0290093444682	0.00654089465875837	4.37196124053653	1.23135388966463e-05	gender	-0.0319834831581149	0.968522578881386	0.160517506159743	-0.199252305392072	0.84206538581926
hsa-mir-502	-0.0230342875633904	0.977228976398362	0.0120354712567337	-1.91386669221638	0.0556371912415824	age	0.0304629501518661	1.03093169347852	0.00652866030725859	4.66603387497389	3.07069099214499e-06	gender	0.0196036812489985	1.0197970952161	0.163205581903654	0.120116487563344	0.904390871766463
hsa-mir-503	-0.00042122385184587	0.999578864850466	0.00155529192523772	-0.2708326617085	0.786519737943068	age	0.0297814378595811	1.03022934021528	0.00651246150183064	4.57299253918193	4.80807266163598e-06	gender	-0.052337412754448	0.94900860520827	0.160541246344326	-0.326006019924597	0.744419800498332
hsa-mir-504	-0.0178598384276992	0.982298703240707	0.0653229485548273	-0.273408332336819	0.784539348433538	age	0.0294566928206301	1.02989483266584	0.00656449521424265	4.48727462802006	7.21400591656268e-06	gender	-0.0425615812460028	0.958331448459114	0.161830517559991	-0.263000958581406	0.79254984027705
hsa-mir-505	0.00133567794693801	1.00133657036201	0.00269203923476647	0.49615842506615	0.619782640958933	age	0.029671319788477	1.03011589959359	0.00650275119595625	4.56288713720558	5.04549407561783e-06	gender	-0.0588270268525247	0.942869846217677	0.161342587635542	-0.364609417232167	0.715402984174026
hsa-mir-508	-0.0015954176255416	0.99840585437661	0.0031967710604366	-0.499071592985363	0.617728948948988	age	0.0294228201160061	1.0298599479332	0.00651889450017652	4.513467753652	6.37761502093227e-06	gender	-0.0534274047653735	0.947974756955819	0.160240309839424	-0.333420503360938	0.738816888306713
hsa-mir-509-1	0.0031217464122762	1.00312662413696	0.0174895454527431	0.178492140959934	0.858336492700206	age	0.0298161833235536	1.03026513663358	0.00652630305385159	4.56861765037975	4.90951459651673e-06	gender	-0.047654218154241	0.953463420424985	0.16032820995335	-0.297229153672375	0.766291565656841
hsa-mir-509-2	0.00427692173192774	1.00428608081458	0.019344941389169	0.221087345052507	0.825024423649049	age	0.0298724987373413	1.0303231580748	0.00654236583753195	4.56600860899128	4.97098360346596e-06	gender	-0.0469404634306183	0.954144202371878	0.16043834033456	-0.2925763463567	0.769845995856526
hsa-mir-509-3	-0.00237015166653811	0.997632654925136	0.0194435249839909	-0.121899278473919	0.902978787061439	age	0.0296592557617756	1.03010347232283	0.00652058213869774	4.54855948915307	5.40143750592342e-06	gender	-0.0502073174620413	0.951032238471367	0.160384436683519	-0.313043575176272	0.754247556466693
hsa-mir-511	0.0324430937852002	1.03297510876797	0.00453993110829492	7.14616433846835	8.92362199499496e-13	age	0.0334003205461048	1.03396437358527	0.00648143477951119	5.15322944414843	2.56038376082408e-07	gender	-0.0243726523982881	0.975921962326639	0.160911115025475	-0.151466555895964	0.879607690953824
hsa-mir-514a-1	0.000138731781671765	1.00013874140537	0.0116503532522993	0.0119079463658653	0.99049905798198	age	0.0297302243627753	1.03017657991929	0.00653337824904804	4.55051326120713	5.35152140499733e-06	gender	-0.048934507185593	0.952243492762658	0.160211191195155	-0.305437509206116	0.760032957572901
hsa-mir-514a-2	0.00306784455812484	1.00307255520919	0.0102641206845342	0.29889014874381	0.765023863890666	age	0.0299311298839911	1.03038356887394	0.0065457869727381	4.57257928017644	4.81756849499361e-06	gender	-0.0473077242288864	0.953793846950296	0.160250360906936	-0.295211342808519	0.767832437622796
hsa-mir-514a-3	-0.00058034958254089	0.999419818787705	0.0115566233238012	-0.0502179197400716	0.959948731682326	age	0.0296983526586835	1.03014374695939	0.00651871700476399	4.55585855882061	5.21720356202384e-06	gender	-0.04936320783544	0.951835352849672	0.160265319043411	-0.30800929440055	0.758075260027391
hsa-mir-532	-0.000531962800796906	0.999468178666328	0.000222350050824731	-2.39245639397775	0.0167360166888611	age	0.0304615246799152	1.03093022391535	0.00655359808279899	4.64806115588116	3.35069582137552e-06	gender	0.0226324814385161	1.02289053919837	0.162835358289079	0.138989969232217	0.889458075503721
hsa-mir-539	0.00960182687221688	1.0096480723069	0.00229320187065893	4.18708313257127	2.82562350981558e-05	age	0.0288002658850239	1.02921900379724	0.00653633673230695	4.40617842447952	1.05210310398891e-05	gender	-0.056407180288471	0.945154209364849	0.160312872915263	-0.351856836339563	0.724945631345808
hsa-mir-542	0.000425344215545842	1.00042543468722	0.000154907085053222	2.74580220394507	0.00603631445198032	age	0.0301022160288975	1.03055986830727	0.00644778950509846	4.66861022759734	3.03244066645192e-06	gender	-0.0546947769315751	0.946774081146856	0.160348996420154	-0.34109834269409	0.733029548834432
hsa-mir-550a-1	0.0982498644760299	1.10323841075998	0.0247167311572802	3.97503471841951	7.03689899745866e-05	age	0.0296733449311575	1.03011798572737	0.00646090814264438	4.59275140212912	4.3744004554278e-06	gender	0.0219946665399742	1.02223833238862	0.162314020314065	0.135506880412526	0.892211124651095
hsa-mir-550a-2	0.0822042261400759	1.08567751091762	0.0271833983617164	3.02405994446404	0.00249407015445468	age	0.0306184278579315	1.03109199283449	0.00655016714074832	4.67444985753959	2.94742634313052e-06	gender	-0.00352270549820139	0.996483491949415	0.161882110333898	-0.0217609314020892	0.982638659025901
hsa-mir-550a-3	0.0908315317584511	1.09508450275697	0.0547694862575223	1.65843315256542	0.0972300696679438	age	0.0289981282847384	1.02942266768721	0.00648083371947803	4.47444411319874	7.66103605535965e-06	gender	-0.0166618489640028	0.983476191906074	0.161569348552697	-0.103125061239994	0.917863715066549
hsa-mir-551b	-0.0077423879337083	0.992287507148887	0.0109724212261018	-0.705622558063145	0.480422892027519	age	0.029793151819389	1.03024140835105	0.00649533595955083	4.58685309042109	4.4997708010252e-06	gender	-0.0498723816693099	0.951350826558371	0.160103792511577	-0.311500314183399	0.755420304075828
hsa-mir-5586	0.106181024097093	1.112023161276	0.0226940044155488	4.67881393485334	2.88539128958009e-06	age	0.0277923520747193	1.02818216236066	0.00656985755091482	4.23028229445392	2.33398229815495e-05	gender	-0.0349684160340892	0.96563591438774	0.160452308668635	-0.217936509136218	0.827478580592661
hsa-mir-5683	0.0411853068945975	1.04204518581279	0.0194222805704725	2.12051858406428	0.0339623359863499	age	0.0291284267769387	1.02955680864764	0.00656773744110502	4.43507783892741	9.20390272042869e-06	gender	-0.0896482540181217	0.914252713438166	0.161777817744782	-0.554144290409141	0.579480100941478
hsa-mir-574	0.00851134702214995	1.00854767151988	0.00181180730709953	4.69771094795701	2.63093403776341e-06	age	0.0290379986090223	1.02946371192101	0.0065677166330744	4.42132330478293	9.80982653748548e-06	gender	-0.0375587060811988	0.963137874010871	0.16038773266176	-0.234174431285253	0.814849564072116
hsa-mir-576	0.0272783212334875	1.02765378083264	0.0101831676645922	2.67876579586691	0.00738940588345276	age	0.0288951517329191	1.02931666674843	0.00649560056640842	4.44841880862388	8.65047357267247e-06	gender	-0.0752598036802898	0.927502486464121	0.160680565667363	-0.468381495719219	0.639511798420416
hsa-mir-577	-0.00317002482553839	0.99683499439807	0.00183842577809706	-1.72431482592658	0.0846510242561504	age	0.0297778752957122	1.03022566996399	0.00652638817986605	4.56268834691402	5.05027530844673e-06	gender	-0.0300576642372283	0.970389575160459	0.160241821507731	-0.18757690067682	0.851208335392145
hsa-mir-582	7.50547748993251e-05	1.00007505759158	0.000141822237427744	0.529217252954172	0.596654749591863	age	0.0296735351336102	1.03011818165836	0.00650965868578111	4.55838571051742	5.15483032763125e-06	gender	-0.045077218602027	0.955923663894107	0.160331898622265	-0.281149409377526	0.77859580563189
hsa-mir-584	-0.00255588760410222	0.997447375895649	0.00232480074036969	-1.09940071840126	0.271593317560924	age	0.0298463729175453	1.03029624038926	0.00650326862973213	4.58944180486277	4.44432878593843e-06	gender	-0.0173489816792134	0.98280064536163	0.161710601750828	-0.107284132835926	0.914563572048684
hsa-mir-589	0.00655850554610077	1.00658005963871	0.00323275739627181	2.02876515066191	0.0424822164300759	age	0.0296639871325573	1.03010834613583	0.00651312830529526	4.55449144283555	5.25124622392329e-06	gender	-0.0624188127576595	0.939489334265557	0.160499653781676	-0.388903099084353	0.697347829553324
hsa-mir-590	0.0200387248617824	1.0202408479476	0.00600941868023673	3.33455296228303	0.000854366287852819	age	0.0281887614656227	1.02858982422054	0.00655343451307655	4.30137226661464	1.69743612690332e-05	gender	-0.0229669949536882	0.977294738899101	0.160628760274094	-0.142981835348151	0.886304527075222
hsa-mir-592	-0.000311917936411188	0.999688130704931	0.00236830537776328	-0.131705116806252	0.895217538152125	age	0.0297781151445312	1.03022591706243	0.00651364879510436	4.57164886858996	4.83901320819155e-06	gender	-0.0457362679502092	0.955293870581737	0.161947013466526	-0.28241501322692	0.777625304453151
hsa-mir-598	0.00447850836700312	1.00448855187331	0.00472466505519364	0.947899653136274	0.34318054155661	age	0.0298137600240062	1.03026263999557	0.00647699358403945	4.60302447997987	4.16399262830117e-06	gender	-0.0549740765313769	0.946509684449553	0.160391889156494	-0.34274848198676	0.731787686120197
hsa-mir-615	0.0131592918845775	1.01324625641121	0.00974086815181577	1.35093624916014	0.176715855118764	age	0.0291538809894953	1.02958301553902	0.00655292953972553	4.44898435314419	8.62773005155753e-06	gender	-0.0431796518206477	0.957739314999048	0.16032890120276	-0.269319202568727	0.787684056406909
hsa-mir-616	0.0290045616754956	1.02942929038679	0.0127722495342227	2.27090471398787	0.0231527468364146	age	0.0293418016352084	1.02977651362469	0.00654195333854419	4.48517439926253	7.28543204865522e-06	gender	-0.0462222325768543	0.954829744336187	0.160368804957493	-0.288224587001854	0.773174829288955
hsa-mir-625	0.00375216246967606	1.00375921064382	0.000583747908204359	6.42771034712214	1.29540274688218e-10	age	0.03143577504072	1.0319350974777	0.00661564743706371	4.751730702063	2.01682869970858e-06	gender	0.0568207123534601	1.05846602350049	0.162214030888291	0.350282352533301	0.726126807996479
hsa-mir-628	-0.00123510702088276	0.998765655409867	0.00244730385962664	-0.504680698322106	0.613783119978566	age	0.029985299345757	1.03043938570904	0.00652879267402829	4.5927786105139	4.37382996340072e-06	gender	-0.0377890367861549	0.962916059331726	0.161539697499301	-0.233930342641124	0.815039056646797
hsa-mir-629	0.00140267162059302	1.00140365582455	0.00211626550015817	0.66280512558003	0.507455370506688	age	0.0296769732491917	1.03012172332982	0.00650850870723365	4.55971937414915	5.12220234133982e-06	gender	-0.0658127097609441	0.936306208884632	0.162226600172947	-0.405683837858786	0.684974919081719
hsa-mir-642a	0.00371983054826046	1.00372675770453	0.0239112798501887	0.155568023609205	0.876373531477584	age	0.0296677751128422	1.03011224817333	0.00651281191848917	4.55529431590349	5.23122813092344e-06	gender	-0.0495007456004026	0.951704448544978	0.160125215289444	-0.309137730187745	0.75721675933511
hsa-mir-6509	0.0349415968120943	1.03555922707335	0.0445332881538411	0.7846174908843	0.432677871803764	age	0.0295752954171626	1.03001698811098	0.00651179637884673	4.54180285999676	5.57751862001214e-06	gender	-0.0451871971245141	0.95581853860281	0.160330864776774	-0.281837169576972	0.778068368528449
hsa-mir-651	0.00697565201096403	1.00700003854246	0.0331810728225635	0.210229851465818	0.833488282031058	age	0.0298245656755895	1.03027377271484	0.00651991524737923	4.57437935064844	4.77633746264087e-06	gender	-0.0512136236357403	0.950075690229328	0.160452845225105	-0.31918177308661	0.74958867764914
hsa-mir-6511b-1	-0.0390018596560869	0.961748920622469	0.0754926075889704	-0.516631507397887	0.605413416963958	age	0.0298564795137217	1.03030665322993	0.00651150231624899	4.58519064628404	4.53572378609909e-06	gender	-0.0368308023380188	0.963839200892827	0.161601051893045	-0.227911897271529	0.819714733428928
hsa-mir-6511b-2	0.0139037346385695	1.0140008410825	0.0759246006983826	0.183125554967399	0.854699504850233	age	0.0296739903522833	1.0301186505875	0.00650430989143415	4.56220426879759	5.06193633543631e-06	gender	-0.0528102430000022	0.948559991303905	0.161509243127757	-0.326979694643409	0.743683243147173
hsa-mir-652	0.0161059339940996	1.01623633367796	0.0107181328151522	1.50268094936561	0.132921337624876	age	0.0295875471315207	1.03002960766221	0.00650665511160888	4.54727454029827	5.43450877457555e-06	gender	-0.0457345442293281	0.955295517243149	0.160007397428938	-0.285827686495804	0.775010101607552
hsa-mir-653	-0.000623902575177255	0.999376292011565	0.000487905309516136	-1.27873700697373	0.200989683184703	age	0.029752049462502	1.03019906387124	0.00650003737511608	4.57721205979538	4.71213726732931e-06	gender	-0.0695664520622799	0.932798144964526	0.160988005181881	-0.432121958301707	0.665652776156036
hsa-mir-654	0.0102102086505099	1.01026251068419	0.00205492554976829	4.96865137117067	6.74201592476929e-07	age	0.0298340500861016	1.03028354430058	0.00652235501879853	4.57412238372717	4.78220259968807e-06	gender	-0.0609469045552366	0.940873194530543	0.160485956756761	-0.379764720769992	0.704120072555566
hsa-mir-659	0.0870981404826159	1.0910037460986	0.0766563170031357	1.13621608613225	0.255866139825853	age	0.0295788701285108	1.03002067013098	0.00649941302523799	4.55100637759941	5.33899295704022e-06	gender	-0.0496244090434289	0.951586764772867	0.160282210398449	-0.309606467992091	0.756860237084921
hsa-mir-660	-0.0108011714692008	0.989256951728919	0.00437703810343365	-2.46768961429136	0.0135988177634995	age	0.0308012379293725	1.03128050406572	0.00656118781562552	4.69446063653582	2.67311075743504e-06	gender	0.00392909640036275	1.003936825419	0.161322125180416	0.0243555953404942	0.980568967592938
hsa-mir-664a	-0.000780440715152213	0.999219863749492	0.00352238834254528	-0.221565778459358	0.824651925173476	age	0.0297960331179325	1.03024437678839	0.00650753832488726	4.57869498885336	4.67885878460321e-06	gender	-0.0498499665498024	0.951372151439841	0.160154876513274	-0.311260997074109	0.755602215370883
hsa-mir-664b	0.0241094958900857	1.0244024796112	0.0232831596343796	1.0354907267176	0.300439794938048	age	0.0290590007418789	1.02948533308171	0.00651938867539639	4.45731987901642	8.29907180665492e-06	gender	-0.0273566736482782	0.973014131125476	0.161754426108249	-0.169124730039663	0.865698533358741
hsa-mir-671	0.0612716618533	1.0631877025007	0.0107396174190725	5.70519967913268	1.16206778473649e-08	age	0.0301835269373406	1.03064366747322	0.00650798534992986	4.63792177062382	3.5192993156152e-06	gender	-0.0489715441306247	0.952208225225865	0.161336688864153	-0.303536315734478	0.761481176105269
hsa-mir-675	0.000285153582315372	1.00028519424246	0.00014559079710775	1.95859620237077	0.0501600946941909	age	0.0303378059158313	1.03080268639175	0.00646862547418399	4.68999264788295	2.73214865666793e-06	gender	-0.0346875527342521	0.965907164167367	0.160508221426257	-0.216110753866828	0.828901417405617
hsa-mir-6892	0.0612871839076449	1.06320420548608	0.0181105728746467	3.3840555090028	0.000714235617218103	age	0.0306665366776681	1.03114159864654	0.00650125010288481	4.71702152545406	2.39322378705778e-06	gender	-0.0236778949332576	0.976600226982687	0.160872781181143	-0.147183972076645	0.882986811244268
hsa-mir-7-1	-0.000161152910580214	0.999838860073853	0.00811170756888497	-0.0198667061419186	0.984149704550533	age	0.0297255457800061	1.03017176016417	0.00650325426498067	4.57087245382285	4.85697845719302e-06	gender	-0.0487711875036879	0.952399025567431	0.160532418282847	-0.303808962858559	0.761273437936675
hsa-mir-708	0.00302349661242111	1.00302807198835	0.00076196972226007	3.96800099018784	7.2478032873717e-05	age	0.0295847300854971	1.03002670602548	0.00644826953733633	4.58801077005196	4.4748955804344e-06	gender	0.0738885280391131	1.07668677842007	0.163090887113089	0.453051236320017	0.650511847805384
hsa-mir-744	0.00302337775842431	1.00302795277446	0.00422472754660919	0.715638517530178	0.474214583592323	age	0.0297900890116098	1.03023825292448	0.00649710676205691	4.58513152124632	4.53700751279887e-06	gender	-0.064969536027997	0.937096010609201	0.161639834086743	-0.401940130630991	0.687728087655798
hsa-mir-758	0.0118995412720083	1.01197062247803	0.0029714485952169	4.00462632641966	6.21155904732154e-05	age	0.0291259443186012	1.02955425281893	0.00653491534916927	4.45697346673416	8.31248871088807e-06	gender	-0.0735531325569691	0.929086779723805	0.16135139615916	-0.455856808852245	0.648492949867439
hsa-mir-766	0.0588706032011556	1.06063798869989	0.0175387230602978	3.35660714857971	0.000789051402199354	age	0.0289771136080529	1.02940103492998	0.00645847902922276	4.48667766465446	7.23423947407248e-06	gender	-0.0801594101635351	0.922969203987205	0.160790720723703	-0.498532563339138	0.618108723372204
hsa-mir-769	0.0124762376664298	1.01255439059958	0.0152491624041725	0.818158882157098	0.413266470305267	age	0.0296386915179121	1.03008228924163	0.00650744601491397	4.55458123663034	5.24900375115686e-06	gender	-0.058743791064985	0.942948329998158	0.160594857871264	-0.365788742202912	0.714522721013956
hsa-mir-874	-0.00256186048983644	0.997441418274239	0.00230450793414849	-1.11167353857822	0.266278541134538	age	0.0289949838184031	1.02941943070738	0.0065205297526445	4.44672210975554	8.71905107211286e-06	gender	-0.0575369421342176	0.944087013153053	0.160225414818293	-0.359099972994101	0.719520301809036
hsa-mir-885	-0.0055633643909369	0.99445208246197	0.00379058576254645	-1.46767933492145	0.142191346630315	age	0.0303786455847173	1.03084478489178	0.00653491882168842	4.64866456854753	3.34091007468417e-06	gender	-0.00994471624660225	0.990104568932998	0.161797177498183	-0.0614640897967081	0.950989612502584
hsa-mir-887	0.030655236762105	1.03112994689937	0.0155987631115487	1.96523509863478	0.0493870333738979	age	0.0288124486905695	1.0292315426486	0.00650137442833907	4.43174731868663	9.34725180418595e-06	gender	-0.0661729811830703	0.935968945272081	0.160573591461053	-0.412103762399314	0.680263371106934
hsa-mir-889	0.0140840226939536	1.01418366980272	0.00383718814916939	3.67040190536454	0.000242169394737986	age	0.0290015618528421	1.02942620228611	0.00653374289993657	4.43873631041154	9.04885966357089e-06	gender	-0.0473427239847131	0.953760464982727	0.16032339131739	-0.295295175555445	0.767768401643013
hsa-mir-891a	-4.43725940347608e-05	0.999955628390414	3.95750313421304e-05	-1.12122700930177	0.262191245683016	age	0.0295425575636253	1.02998326811765	0.0065183396126895	4.53222128931633	5.83666585360342e-06	gender	-0.0647050036947167	0.937343935594037	0.160258302674371	-0.40375445524461	0.686393291154832
hsa-mir-9-1	3.67547972249965e-05	1.00003675547269	2.16347432707802e-05	1.69887836268607	0.0893421046543375	age	0.0278022633546548	1.0281923530124	0.00661985992302877	4.19982653378177	2.67119547448664e-05	gender	-0.0267158355572858	0.973637875482	0.160714882784852	-0.166231248123113	0.867974969095983
hsa-mir-9-2	3.71477014835553e-05	1.00003714839147	2.1735866711789e-05	1.70905085019716	0.0874415306698222	age	0.0278011810383942	1.0281912401837	0.00661863584551239	4.20043974125637	2.66397064781194e-05	gender	-0.026699741655938	0.97365354524001	0.160703226963747	-0.16614315817044	0.868044290799253
hsa-mir-9-3	3.6564049997755e-05	1.00003656471847	2.1540854717054e-05	1.69742800265057	0.0896157721367256	age	0.0278065713440713	1.02819678246371	0.00661989798744397	4.20045314849448	2.6638128911608e-05	gender	-0.0266365234494451	0.97371509981655	0.160722673483541	-0.165729718602352	0.868369657399088
hsa-mir-92a-1	0.000146507852875205	1.00014651858567	5.39885100641821e-05	2.71368579538564	0.0066539243861788	age	0.0305171159063071	1.03098753618384	0.00654389344429334	4.66344939233688	3.10952681445871e-06	gender	-0.0497243714439562	0.951491646629749	0.160095999422201	-0.310590968065508	0.75611159427832
hsa-mir-92a-2	0.000167425875493255	1.00016743989199	5.99585796356642e-05	2.79235893362736	0.00523252774667505	age	0.0306255968523739	1.03109938475376	0.00655037326003892	4.67539720815726	2.9338520342642e-06	gender	-0.0503788838472432	0.950869087304031	0.160140859711987	-0.314591066501389	0.753072162923622
hsa-mir-92b	0.00843108590010976	1.0084667276005	0.00199410902320746	4.22799646458078	2.35781495994956e-05	age	0.0275984225964155	1.02798278686333	0.00656884278799904	4.20141316927793	2.65253984361662e-05	gender	0.0170894105904143	1.01723626995483	0.160854520249482	0.106241407228774	0.915390818616623
hsa-mir-93	9.04917184061428e-05	1.00009049581291	4.51139862454969e-05	2.00584621172055	0.044872658503524	age	0.0297187522221954	1.03016476165653	0.00647544094670386	4.58945614156559	4.44402356950378e-06	gender	-0.0501187577165012	0.951116465373908	0.16039784764164	-0.312465275896197	0.754686948702454
hsa-mir-940	0.0178229581722803	1.01798273491115	0.0586852799804045	0.303704066475128	0.761353359658247	age	0.0296970027589283	1.03014235636954	0.00649848588152718	4.56983415834541	4.88110314802874e-06	gender	-0.0484676619460631	0.952688146888383	0.16008682847085	-0.302758586755866	0.76207384598148
hsa-mir-942	0.0504947626109038	1.05179135470001	0.0230002921847575	2.19539657171691	0.0281351628258093	age	0.0299737337804014	1.0304274681639	0.00652659449276678	4.59255340800172	4.37855404647622e-06	gender	-0.0440636028384495	0.956893094420638	0.160082040080072	-0.275256379893768	0.783119274264276
hsa-mir-95	0.0871185123347195	1.09102597209195	0.0185019006003461	4.70862503353251	2.49393366322637e-06	age	0.0309329472003819	1.03141634221449	0.0063952826086633	4.83683819671689	1.31920727441372e-06	gender	-0.0204907671220382	0.979717742047109	0.159212487553647	-0.128700753545691	0.897594439126723
hsa-mir-96	0.0091950259509105	1.00923743007138	0.00522726542752889	1.7590508992495	0.0785688636458911	age	0.0302579134759161	1.03072033633968	0.00650810953436095	4.64926309493762	3.33123064969732e-06	gender	-0.0327998528996431	0.967732229006757	0.160425075592018	-0.204455898048367	0.837997252263835
hsa-mir-98	-0.00249742370003514	0.99750569226803	0.00330768203034363	-0.755037418084496	0.450226531197505	age	0.0302850885559335	1.03074834662788	0.00655592328152618	4.61950014596316	3.8466560966366e-06	gender	-0.0321413008833344	0.968369740911751	0.161636361096057	-0.198849446160406	0.84238051580761
hsa-mir-99a	-0.000288768338459822	0.999711273351104	0.000222408654315438	-1.29836826425948	0.19416081901843	age	0.0293009143755743	1.02973440974577	0.00648015215750321	4.5216398725526	6.13623918343307e-06	gender	-0.0419163923450001	0.958949952777747	0.160079684303528	-0.261847045284785	0.793439367159507
hsa-mir-99b	-1.4812520443859e-05	0.999985187589261	6.05384645533339e-06	-2.44679486887369	0.0144132844818861	age	0.0294491476426394	1.02988706195533	0.00651669455042702	4.51903145294874	6.21231663985779e-06	gender	-0.0124777427392311	0.987599781515134	0.160675233487378	-0.0776581584380355	0.938099978273316
