gene	gene_coef	gene_exp.coef.	gene_se.coef.	gene_z	gene_Pr...z..	age	age_coef	age_exp.coef.	age_se.coef.	age_z	age_Pr...z..	gender	gender_coef	gender_exp.coef.	gender_se.coef.	gender_z	gender_Pr...z..	p_adjusted_new
hsa-mir-129-2	0.0287586642361164	1.02917618748021	0.00768265872074562	3.74332184748216	0.000181603374184846	age	0.0238292520438141	1.02411543734297	0.00869533370965913	2.74046435013111	0.00613524373177813	gender	-0.00154949732437582	0.998451702526801	0.205875114285001	-0.00752639448316608	0.993994862738539	0.0154362868057119
hsa-mir-34c	0.0131960847386598	1.0132835373187	0.00500100467712442	2.63868674209031	0.00832278476563736	age	0.0228877482615677	1.02315168254584	0.00875544973806272	2.61411451682115	0.00894590464112531	gender	-0.0399307674744305	0.96085595933439	0.206634524916772	-0.193243445114091	0.846768315634968	0.141487341015835
hsa-mir-3677	-0.0356099598173429	0.965016615344945	0.0146022329553365	-2.4386653689379	0.0147416120521751	age	0.0217963127898718	1.02203558769014	0.00858072580191037	2.54014791907453	0.0110805594483605	gender	-0.0374594394831916	0.963233486176505	0.205554301358614	-0.182236222913376	0.855397347147279	0.157930039111026
hsa-mir-3917	-0.212562852301495	0.808509498041714	0.0841061671793935	-2.52731588455471	0.0114938071505821	age	0.0235807460599797	1.02386097014828	0.00866213225899252	2.72227961371746	0.00648332607479986	gender	-0.0508068432256603	0.950462241023522	0.205443956511223	-0.247302690662915	0.804673976604057	0.157930039111026
hsa-mir-493	0.0207908635958897	1.02100849926142	0.00654260192102834	3.1777668650551	0.00148414036940293	age	0.0252329811535703	1.02555402745331	0.00882333796556969	2.85979991382333	0.00423908372641004	gender	-0.0692443108277679	0.933098686116245	0.208127300569945	-0.332701719755872	0.739359451260263	0.0315379828498123
hsa-mir-495	0.0425078613443651	1.04342425905886	0.0129647101631978	3.27873595393053	0.00104273151748868	age	0.0242327212610519	1.0245287197646	0.00878435874583705	2.75862154110406	0.00580457154556782	gender	-0.102348943094722	0.902714500713117	0.209877536837678	-0.487660302464289	0.625790474597212	0.0315379828498123
hsa-mir-497	0.0246096429520335	1.02491495964864	0.0105950220967947	2.32275522667184	0.0201923055856734	age	0.0221224687996017	1.02236898510605	0.00867241845813773	2.55089960273344	0.0107445272201485	gender	0.0305628103071753	1.03103464761796	0.206807891163473	0.147783578930345	0.882513569144065	0.190705108309138
hsa-mir-655	0.113718714173044	1.12043691752965	0.0466887746375508	2.43567570697353	0.0148640036810377	age	0.0248442616154265	1.02515545203746	0.00880666884889779	2.82107367061224	0.00478632097165217	gender	-0.0385002956646112	0.962231420241997	0.205839951006061	-0.187039957386492	0.851629304265658	0.157930039111026
hsa-mir-887	0.148385723225441	1.15996023368595	0.046446321542821	3.19477879617738	0.00139938052146404	age	0.0233816337715876	1.02365712714201	0.00875721838942977	2.66998408990347	0.00758548411445624	gender	-0.051897566470888	0.949426114929656	0.206369474236211	-0.251478890775707	0.801443880624671	0.0315379828498123
