gene	gene_coef	gene_exp.coef.	gene_se.coef.	gene_z	gene_Pr...z..	age	age_coef	age_exp.coef.	age_se.coef.	age_z	age_Pr...z..	gender	gender_coef	gender_exp.coef.	gender_se.coef.	gender_z	gender_Pr...z..	p_adjusted_new
hsa-mir-1245a	0.0397337780460147	1.04053372439436	0.0200081439648538	1.98588025535057	0.0470466216123245	age	0.0183712487593498	1.01854103830476	0.00642335641656174	2.86006996466553	0.00423547554101063	gender	0.248871185259393	1.28257680762952	0.151872391807591	1.63868615156	0.101278639636968	0.121767726526016
hsa-mir-1248	0.0116905120128157	1.01175911311508	0.00669906542917034	1.7450959594917	0.0809681667949862	age	0.0194189366850032	1.01960871064843	0.00649976016974569	2.98763895557134	0.0028114145890363	gender	0.242943026386359	1.2749959809207	0.151970696572846	1.59861757473689	0.10990560224883	0.182697401998943
hsa-mir-1304	0.0174163213619331	1.01756886981093	0.00432735903755801	4.02469987139346	5.70480245812951e-05	age	0.0183350933028355	1.01850421315426	0.00643275476446182	2.85027083639639	0.0043682015555557	gender	0.227085718854445	1.25493743512928	0.15064693985809	1.50740346314609	0.131707271645224	0.00154824389336594
hsa-mir-154	0.0277122603521691	1.02809981677783	0.0100267206115613	2.76384088335077	0.00571253884734961	age	0.018053644078808	1.01821759626974	0.00652019383978194	2.76888149684393	0.00562490900099026	gender	0.248009716258921	1.28147238325101	0.151872855111621	1.63300884859669	0.102467135665227	0.0235176402418066
hsa-mir-3200	0.0303520017527653	1.03081731960246	0.0122976298258509	2.46811801807225	0.0135825530128802	age	0.0184552601073837	1.0186266109049	0.0064823278945415	2.84701119838818	0.00441318099130487	gender	0.237279421223306	1.267795317206	0.151470305082427	1.56650784517918	0.117229773403064	0.0431964908008735
hsa-mir-323a	0.0378181270582259	1.03854233295187	0.0153490338675287	2.46387670941498	0.0137443379820961	age	0.0184281090810178	1.01859895452238	0.00649152385528122	2.83879555738296	0.00452841602485597	gender	0.228073455907489	1.25617759570866	0.15175714137615	1.50288450243129	0.132868830050933	0.0431964908008735
hsa-mir-369	0.0202318307958824	1.02043788153312	0.00643081937319526	3.1460735594926	0.00165478380732966	age	0.017753088654867	1.01791161143344	0.00651862952891594	2.72343881119739	0.00646061821575338	gender	0.251456648942648	1.28589715385432	0.151957654190867	1.65478106569614	0.0979689160953143	0.0104014982175007
hsa-mir-370	0.0186356885287181	1.01881041667763	0.00679532130982846	2.74242933910487	0.00609865697977964	age	0.0185808188380026	1.0187545163988	0.00646000059121727	2.87628748258387	0.00402383050099741	gender	0.245343703777268	1.27806051194896	0.151854726302816	1.61564746617121	0.106170555163594	0.0235176402418066
hsa-mir-376a-1	0.1220370477774	1.12979595743412	0.0331288758157232	3.68370627654925	0.000229867103614326	age	0.0179466632206461	1.01810867230399	0.00648729151517956	2.76643390830408	0.0056673071319371	gender	0.251392593353347	1.28581478759238	0.151623978124044	1.65800024813807	0.0973174162869843	0.00252853813975759
hsa-mir-376b	0.0709333085019441	1.07350962951558	0.0253030603389845	2.80334898433834	0.00505749111377773	age	0.0171864935669493	1.01733503107369	0.00652885547468553	2.63238995465389	0.00847864850022751	gender	0.25374187836439	1.28883908407609	0.152070644165679	1.66857896707494	0.0952008500824924	0.022252960900622
hsa-mir-376c	0.0248943925244994	1.02520684530039	0.00843440641632816	2.95152869042526	0.00316205168825717	age	0.0180693578232067	1.0182335964065	0.00650710289531488	2.77686677372454	0.00548856710548816	gender	0.257644266917806	1.29387846137389	0.151920961512359	1.69590992811644	0.0899029391848567	0.016368267562743
hsa-mir-377	0.0318610570262644	1.03237405421849	0.0137782819502124	2.3124114560432	0.0207550196429884	age	0.0185274437131456	1.01870014170043	0.00649693314740947	2.85172146500123	0.00434831841809446	gender	0.23847473197451	1.2693116326325	0.151582129798468	1.57323777078187	0.115663772485505	0.060881390952766
hsa-mir-382	0.012118712537745	1.01219244166755	0.00367522577345826	3.29740627780308	0.000975822356335578	age	0.0181378142568941	1.01830330343309	0.00646464602126303	2.80569333529424	0.00502084510152236	gender	0.238321190906285	1.26911675612968	0.151549665951963	1.57256163785822	0.115820356331682	0.00780657885068462
hsa-mir-3913-1	-0.11855294034113	0.888204792547395	0.0646147567119529	-1.83476571566506	0.0665404105226419	age	0.0190394036051468	1.01922180883989	0.00643821333361587	2.95724956887282	0.00310396774457477	gender	0.190855193453686	1.210284182319	0.151952173771181	1.25602147515894	0.209108184110311	0.158258273675473
hsa-mir-3913-2	-0.147163775708521	0.863152602410718	0.0694779844516644	-2.11813536143816	0.0341636055174023	age	0.0186968616936782	1.01887274244162	0.00645969061250882	2.89438965659946	0.00379896405554985	gender	0.17414606157981	1.1902293999113	0.152285590016569	1.14354917993792	0.252810647875782	0.0911029480464061
hsa-mir-3940	-0.0773070411360938	0.92560561097327	0.0454884194996523	-1.69948839696848	0.089227198958731	age	0.0196859345257654	1.01988098031868	0.00647531539399174	3.04015068424796	0.00236459811634328	gender	0.224434863098884	1.25161518235841	0.150926511438242	1.48704731170256	0.137002315720988	0.191512036789471
hsa-mir-410	0.0128543527258635	1.01293732505524	0.00380141802791592	3.38146255725282	0.000721010583652043	age	0.0188926847008488	1.01907228070243	0.00650041072476876	2.90638322727229	0.00365633341948521	gender	0.233088527892307	1.26249324024582	0.151562757284961	1.53790107852199	0.124072803568132	0.00634489313613798
hsa-mir-411	0.0197736064085184	1.01997039912411	0.00565947144532953	3.49389631161344	0.000476025863282404	age	0.0191482557783848	1.01933275938728	0.00650589825097854	2.94321476292759	0.00324822996516139	gender	0.263014334847951	1.3008453662386	0.151779056145799	1.73287633700462	0.0831176509567078	0.00465447510765017
hsa-mir-412	0.031712694303566	1.03222089975445	0.00797800553148203	3.97501533164203	7.03747224257245e-05	age	0.019231728724152	1.01941784964675	0.00643395541720935	2.98909884776502	0.00279801595348289	gender	0.249270140433298	1.28308860036725	0.151710518824705	1.6430643198928	0.100369626126983	0.00154824389336594
hsa-mir-421	0.0560721789542028	1.05767402278639	0.0172993733860059	3.24128381433525	0.00118992650029598	age	0.0196236208573663	1.01981742977352	0.00650950928772093	3.01460831992096	0.00257311311207886	gender	0.215113944915411	1.24000318097418	0.152055877077189	1.41470325942226	0.157155518330425	0.00872612766883719
hsa-mir-432	0.0190277295668161	1.01920991047487	0.00487696728184383	3.90154956291244	9.55788865395055e-05	age	0.0188738553754252	1.01905309243948	0.00651663533326184	2.89625771739755	0.00377642124347788	gender	0.242183802212229	1.27402834052453	0.151928348588085	1.59406591635408	0.110921271896054	0.0016821884030953
hsa-mir-450a-1	0.0209290717343805	1.02114962069732	0.0116419757511037	1.7977250753504	0.0722205857032004	age	0.0195581865240329	1.01975070088309	0.00646122997058479	3.02700671746292	0.00246988469554593	gender	0.210923582346658	1.23481798956278	0.151749547014239	1.38994538367134	0.164545462866676	0.16724767215478
hsa-mir-450a-2	0.02149806857408	1.02173081693809	0.0124249010915152	1.73024062048757	0.0835872936554302	age	0.0194399469752747	1.01963013314845	0.00645521544199463	3.01151017343395	0.00259951691818657	gender	0.208924604814318	1.23235208161354	0.151841338164885	1.37594022378442	0.168840140648519	0.183892046041946
hsa-mir-450b	0.0119554635133162	1.01202721572577	0.00423037475723851	2.82610033374927	0.00471185026420447	age	0.019412535542907	1.01960218400908	0.00643780495923846	3.01539665550901	0.00256643381517064	gender	0.204957127007659	1.22747243841861	0.151638672552337	1.35161514907696	0.176498461553752	0.0218233064868418
hsa-mir-4652	0.0307881788575531	1.03126703658749	0.00967905353035392	3.1809080052094	0.00146814242485702	age	0.0192241386088477	1.01941011217709	0.00651789626485845	2.94943917909457	0.00318351226965539	gender	0.273332973353688	1.31433781144064	0.152308169612288	1.79460480714513	0.0727166867070138	0.00993819487595521
hsa-mir-485	0.0269740643672314	1.02734115767497	0.00877349080368445	3.07449622628014	0.00210858389031605	age	0.0183462769919175	1.0185156038524	0.00649392575330367	2.82514424846698	0.00472593350316169	gender	0.256076565420351	1.2918516353167	0.152110284156571	1.6834927818343	0.0922797355425107	0.0115972113967383
hsa-mir-487a	0.124076089869311	1.13210200921594	0.0323755948622257	3.83239567944053	0.000126901417133782	age	0.0184618729956668	1.01863334699115	0.00653378616052242	2.82560104388091	0.00471920011113914	gender	0.243997453857218	1.27634108073869	0.151921320802517	1.60607775504001	0.108256826823414	0.0018465198213972
hsa-mir-487b	0.0380035773236764	1.03873494876298	0.0149370283118589	2.5442528815122	0.0109511769763952	age	0.0183063186164871	1.01847490643663	0.00652650980609948	2.80491704760462	0.00503295306526663	gender	0.214312948529867	1.23901034059202	0.151294234732364	1.4165308341655	0.156620142993396	0.037065522073953
hsa-mir-493	0.0160643687596074	1.0161940944543	0.00391653495942485	4.10167888861803	4.1016322397266e-05	age	0.0179596133920615	1.01812185707119	0.00650571356413788	2.7605908583283	0.00576969066994535	gender	0.265972840518583	1.30469962324055	0.152328799111562	1.74604435976542	0.0808032439471319	0.00154824389336594
hsa-mir-494	0.0798701787332054	1.08314644310376	0.0258184114462288	3.09353574674989	0.00197786723858369	age	0.0184463148548365	1.01861749907337	0.00649326765607433	2.84083697636895	0.00449953074592909	gender	0.261068005711178	1.29831595533142	0.152320567653258	1.713937977867	0.0865401172265475	0.0115972113967383
hsa-mir-495	0.0213620544036835	1.02159185651917	0.00779678685194124	2.73985358447561	0.00614665597229036	age	0.0183130790584712	1.01848179180042	0.00650670567166588	2.81449322937987	0.00488542067638082	gender	0.23436021968079	1.26409976381737	0.151676862801705	1.54512834292454	0.122315222557362	0.0235176402418066
hsa-mir-496	0.0475584052739476	1.04870744937853	0.017584509621371	2.70456249835642	0.00683944024027664	age	0.0184490947097583	1.01862033068617	0.00646146534609381	2.85524934694751	0.00430030522521365	gender	0.256774418382713	1.2927534724456	0.152417575338532	1.68467722841277	0.0920508622541342	0.025077947547681
hsa-mir-539	0.0242161664741355	1.02451175905035	0.0100663562931855	2.40565362171104	0.0161435629702318	age	0.018230840059841	1.01839803632177	0.00648110176333973	2.81292297599206	0.00490934091711693	gender	0.222516977771729	1.24921702839216	0.151224017423786	1.47143940203727	0.141172324197116	0.0489873634958758
hsa-mir-543	0.0959849939829645	1.10074254610865	0.0252839456034731	3.79628225310608	0.000146882258520232	age	0.0182500205999887	1.01841756993353	0.00653589337859604	2.79227636420056	0.00523386327798737	gender	0.268607031676088	1.30814098205983	0.152966904583813	1.75598135039017	0.0790915930201679	0.0018465198213972
hsa-mir-642a	-0.0768520518659604	0.926026847416402	0.036046215145277	-2.13204220071993	0.0330033774796357	age	0.0189751710672791	1.01915634373897	0.00641999141316294	2.95563807583515	0.00312022998412572	gender	0.219589157943124	1.24556489500935	0.150959391495971	1.4546240268131	0.145773375605976	0.0907592880689982
hsa-mir-655	0.0398471123135516	1.04065165920476	0.0215664171247754	1.84764636995616	0.0646535169929307	age	0.0187244822256826	1.01890088463747	0.00648071004107442	2.88926400147635	0.0038614473434421	gender	0.242592195260271	1.27454875110061	0.151751041267742	1.5986196419717	0.10990514263572	0.158041930427164
hsa-mir-6892	0.0579914206478685	1.05970590408118	0.0305017114644856	1.90125136798931	0.0572690956833057	age	0.0212588677408741	1.02148644730324	0.00655712762884078	3.24210064897461	0.0011865211039844	gender	0.189831797605014	1.2090462160839	0.152304313563923	1.24639803800002	0.212618301200611	0.143990869146597
hsa-mir-758	0.0108446086662028	1.01090362457665	0.00262451762008001	4.13203881095382	3.59559689681017e-05	age	0.0188376141303721	1.01901616135585	0.00644959469361919	2.9207438645732	0.00349196786302492	gender	0.250974432777095	1.28527722294186	0.151912093012612	1.6521030538119	0.0985135445387303	0.00154824389336594
hsa-mir-877	0.0371905434252055	1.03789076525951	0.0129054537635692	2.88176952988593	0.00395448861702448	age	0.0194818429874143	1.01967285247976	0.00650509240154096	2.99486030095428	0.00274570562846832	gender	0.219203473406076	1.24508459251803	0.15188343546509	1.44323489085457	0.148954313904732	0.0193330554610086
hsa-mir-889	0.0104766240678028	1.01053169604852	0.00389652304613885	2.68871092092843	0.00717285053060002	age	0.0182091169906245	1.01837591383102	0.00648191767954861	2.80921756351163	0.00496620730406343	gender	0.232113861417374	1.26126332988329	0.151549421233135	1.53160506670826	0.125619921461871	0.0252484338677121
hsa-mir-95	0.0183596987760746	1.01852927424074	0.00830526575613402	2.21060942721967	0.0270628953716195	age	0.0208710899855685	1.02109041437298	0.0065734051106197	3.17508043918518	0.00149794970268035	gender	0.22910721978787	1.25747685818405	0.151396466634462	1.51329304362854	0.130205238913079	0.0768237029904037
