gene	gene_coef	gene_exp.coef.	gene_se.coef.	gene_z	gene_Pr...z..	age	age_coef	age_exp.coef.	age_se.coef.	age_z	age_Pr...z..	gender	gender_coef	gender_exp.coef.	gender_se.coef.	gender_z	gender_Pr...z..	p_adjusted_new
hsa-mir-106a	0.0202643765327403	1.02047109297633	0.00528730186917837	3.83264981537536	0.00012677034891276	age	0.0292517915343882	1.02968382750828	0.00652773711106916	4.48115342831218	7.42407142348634e-06	gender	-0.0665833077548129	0.935584971126294	0.160380207422788	-0.415159132319167	0.678025413852526	0.000513419913096678
hsa-mir-1249	0.075667147427001	1.07860349845126	0.0464496327464744	1.62901497714735	0.103309848411612	age	0.0289024048296973	1.0293241325089	0.00648625796522209	4.4559443957773	8.35246807189378e-06	gender	-0.0388746656324797	0.961871257117454	0.159989826647009	-0.242982109845336	0.808019256479336	0.146808731953343
hsa-mir-1251	-0.0152529136130021	0.984862822887038	0.0076510629446253	-1.99356791643139	0.0461992944922031	age	0.0308385734411491	1.0313190081699	0.0065839210532863	4.68392211746773	2.81436981182777e-06	gender	-0.00680805914528366	0.993215063186888	0.160360439374567	-0.0424547299311243	0.966136199469128	0.074842857077369
hsa-mir-1266	0.0622257114564004	1.06420252032259	0.0197634495410414	3.14852482240919	0.00164096786142871	age	0.0309745881703773	1.03145929228568	0.00655089974880846	4.72829525074189	2.26412786418224e-06	gender	-0.0730069995913144	0.92959432322267	0.160965875532096	-0.453555757392547	0.650148603285184	0.00402783020532502
hsa-mir-1277	0.12721204979222	1.13565780825307	0.0352810661315145	3.6056747638527	0.000311342876660453	age	0.030581250830081	1.0310536606113	0.00650430423565504	4.70169440452091	2.5801145219374e-06	gender	-0.0736772445740204	0.928971476044992	0.160243056580267	-0.459784318561815	0.645671040127705	0.000969952808057565
hsa-mir-1301	0.0304757351892177	1.03094487406298	0.0102996550767194	2.95890832869762	0.00308730926266202	age	0.0298415099594618	1.03029123011402	0.00651266727287471	4.58207193905818	4.60391447070693e-06	gender	-0.0848078680667575	0.918688776896746	0.161208438229889	-0.526075861772314	0.598835499166444	0.00714491572216068
hsa-mir-130b	0.0271022494809645	1.02747285595881	0.0041860342699878	6.47444519871154	9.51609400969247e-11	age	0.0257807811101739	1.02611597980973	0.00654406423541353	3.93956724487206	8.16287202912253e-05	gender	-0.0629615335534889	0.938979592202712	0.162145332263562	-0.38830309003991	0.69779175080306	3.85401807392545e-09
hsa-mir-135b	0.0145932591278427	1.0147002606003	0.00360443759766643	4.04869240551995	5.15045827062443e-05	age	0.026904706094096	1.02726990553734	0.00662251348121791	4.06261250662612	4.85265463473566e-05	gender	0.0615650671883346	1.06349969321239	0.162904452320241	0.377921329414057	0.705489036913187	0.000278124746613719
hsa-mir-1468	-0.0341764473224148	0.966400970729159	0.0120410634836143	-2.83832465204778	0.00453510294944289	age	0.0299806649143714	1.03043461021948	0.00647143838723006	4.63276680089106	3.60810892081316e-06	gender	-0.0240321924993572	0.97625428118671	0.160723298282782	-0.149525257110354	0.881139181096894	0.0096669299711809
hsa-mir-149	0.0156678614237206	1.01579124591265	0.00395722383087489	3.95930634539231	7.51677670199402e-05	age	0.0287229217282626	1.02913940279964	0.0065125999807591	4.41036173158523	1.03198083483586e-05	gender	-0.0375820100790853	0.963115429309417	0.159943761163253	-0.234970153294855	0.814231898952497	0.000358152301683245
hsa-mir-151b	-0.11905616763832	0.887757936094903	0.0313739816732045	-3.79474205341306	0.000147797031894712	age	0.0318421651839875	1.03235455095491	0.00647588432750644	4.91703736101914	8.78637877581672e-07	gender	-0.0299576416299589	0.970486640910137	0.160833606611314	-0.186264812815878	0.85223709985363	0.000570074265879603
hsa-mir-154	0.0209296230111028	1.0211501836335	0.00448846696584918	4.66297806586241	3.11665982928879e-06	age	0.0294982523261286	1.02993763547522	0.0065187132299963	4.52516490377125	6.03484314809583e-06	gender	-0.0566127368829717	0.944959946650969	0.160450504427584	-0.352836141493857	0.724211287126598	2.29499496520356e-05
hsa-mir-18a	0.0376373534713935	1.03835460889756	0.00644738175998835	5.83761825691263	5.29523092993294e-09	age	0.0288144115764405	1.02923356291464	0.00647042599264613	4.4532479946744	8.45809667966622e-06	gender	-0.0348281918958935	0.965771329345647	0.159647655566144	-0.218156613527367	0.82730708828145	1.42971235108189e-07
hsa-mir-190a	-0.0423045741761399	0.958577778069509	0.0110236403362427	-3.83762286193736	0.000124231082242625	age	0.0323981333416532	1.03292866679294	0.0065448796172833	4.95014961865735	7.4156450101155e-07	gender	-0.00161279933708354	0.998388500524868	0.159930102974471	-0.0100844012921131	0.991953948278386	0.000513419913096678
hsa-mir-1976	0.0271750840058916	1.02754769418152	0.0159658122776641	1.70207963950003	0.0887404401115588	age	0.029657146530172	1.03010129959832	0.0064792631741024	4.57724061104842	4.71149441208871e-06	gender	-0.0316787897606869	0.96881772627888	0.160615252093598	-0.197234007030828	0.84364441950838	0.130690466346114
hsa-mir-19a	0.0165142890451432	1.01665140366007	0.00457348920753227	3.61087307650035	0.000305167985847762	age	0.028790630633745	1.02920908706129	0.0065090081845156	4.42319779259697	9.72506319239458e-06	gender	-0.0354716237643836	0.965150121168673	0.160295934836106	-0.221288355195355	0.824867916454271	0.000969952808057565
hsa-mir-212	0.0750522615421548	1.07794048424464	0.0287314493317698	2.61219894184613	0.0089961887246987	age	0.0307009086646975	1.03117704164131	0.00656914783657233	4.67349942922227	2.96110529061255e-06	gender	-0.0339311087041451	0.96663809529473	0.160488476271721	-0.211423956986773	0.83255646426567	0.0177729582122096
hsa-mir-296	0.0685782369799919	1.07098441225934	0.0122098336770164	5.61663973433829	1.94706798301647e-08	age	0.0282797255992898	1.02868339325844	0.00642835750229999	4.39921482107547	1.08643241545217e-05	gender	-0.0565998723432965	0.944972103203888	0.16088380830897	-0.3518058960576	0.724983836483337	2.62854177707223e-07
hsa-mir-301a	0.0229105622368525	1.02317502496931	0.00629236518609469	3.64100962981008	0.000271570977339434	age	0.0288758437447584	1.02929679290627	0.00642023271656042	4.49763194257362	6.87145179216006e-06	gender	-0.065913490002477	0.936211852473463	0.160732404596476	-0.410082149694426	0.681745686556575	0.00091655204852059
hsa-mir-3074	-0.0342547021613787	0.966325348135776	0.0142275067172756	-2.4076391487333	0.0160560422399312	age	0.0296450010805087	1.03008878863082	0.00654243274913724	4.53118927121078	5.86525593661218e-06	gender	0.033438759520357	1.03400411887908	0.163301400411468	0.204767132652273	0.837754067210817	0.0299069217954685
hsa-mir-320b-1	0.115844849396979	1.12282165216202	0.0403907703104364	2.86810200713223	0.00412942371798025	age	0.0297725428326816	1.03022017633834	0.00648097046461374	4.59384022736107	4.35162607307104e-06	gender	-0.043842052937336	0.957105117477059	0.160139066513856	-0.273774875124195	0.784257632926963	0.00904008976098379
hsa-mir-320b-2	0.108744121376982	1.11487704063868	0.0237584203192624	4.57707709164556	4.71517732513803e-06	age	0.0294176940169512	1.02985466878263	0.00649480638951456	4.52941816163206	5.91463379467628e-06	gender	0.0284845481823644	1.0288941124275	0.162271344375723	0.175536526747515	0.860658072128585	2.93791817950908e-05
hsa-mir-323b	0.0142611310736525	1.01436330613628	0.00552942777634388	2.57913325763378	0.00990485694738386	age	0.0291117501004313	1.02953963920496	0.00652716409158878	4.46009165572322	8.1924609646335e-06	gender	-0.0476017554875985	0.953513442970713	0.160262624056608	-0.297023437422219	0.766448615687442	0.0191022241128117
hsa-mir-330	0.0132518672060499	1.01334006235112	0.00860146587148545	1.54065218696977	0.123401459359179	age	0.0297284740301647	1.0301747767692	0.00650222566506498	4.57204587498235	4.82985159529244e-06	gender	-0.0212292583562555	0.978994496170839	0.161204179311669	-0.131691736820367	0.895228121654504	0.172336520829198
hsa-mir-3613	0.0268785624781537	1.02724304933852	0.0073096570184175	3.67713046048948	0.000235872422346458	age	0.0262629512662837	1.02661086161093	0.00651782414735608	4.0294047020181	5.59182787553278e-05	gender	-0.036897658978413	0.963774763996016	0.160168128330159	-0.230368297133091	0.817805593915176	0.000852857433642472
hsa-mir-3677	0.041990137235593	1.04288419297894	0.0195176434218678	2.15139380959009	0.0314451293916509	age	0.0297236267593828	1.03016978324521	0.00649681730430657	4.57510583523409	4.75979307822139e-06	gender	-0.0279911796348416	0.972396943659543	0.161040114402665	-0.173814951254023	0.86201089385241	0.0541926698026324
hsa-mir-370	0.0193893486645478	1.01957854289134	0.00592405128877029	3.27298798059067	0.00106417002750852	age	0.0293102933987441	1.02974406769395	0.00652537873280019	4.4917382728169	7.06442063508023e-06	gender	-0.0834973563905658	0.919893518507206	0.161761506941731	-0.516175683382098	0.605731712117811	0.00278057329768355
hsa-mir-376c	0.0312975732893876	1.03179249209435	0.00555288735808241	5.63627015481108	1.73772700836296e-08	age	0.0290463887004505	1.02947234925191	0.00653978068499366	4.4414927808055	8.9336944704424e-06	gender	-0.0807866524773705	0.922390460173376	0.161246390736158	-0.50101371018939	0.616361474018108	2.62854177707223e-07
hsa-mir-378c	-0.0164221190982958	0.983711988784133	0.00879242825955928	-1.86775696241153	0.0617959548213694	age	0.0299764374313336	1.03043025408385	0.0064971893445662	4.61375463167066	3.95459251650114e-06	gender	-0.0254336706321594	0.974887040462349	0.160297501845795	-0.158665421103233	0.873932482962986	0.0926939322320541
hsa-mir-411	0.0213314926222136	1.02156063532919	0.00549260399586986	3.88367569157611	0.000102889123706954	age	0.0291344243391406	1.02956298349716	0.00653807656798748	4.45611550066453	8.34580794029666e-06	gender	-0.0752557837371257	0.927506214978896	0.161583981970479	-0.465737895671334	0.641403123498141	0.000463001056681293
hsa-mir-421	0.133741891997685	1.1430977388911	0.0415491333241891	3.21888524013625	0.00128689977176043	age	0.0300552572262727	1.03051147558607	0.0065153494580552	4.61299235286821	3.96912911202393e-06	gender	-0.108802653912996	0.896907401200173	0.161960848827408	-0.671783673034093	0.501721424264137	0.00325746504726859
hsa-mir-4326	0.0567609536329302	1.05840277281511	0.0137765471711119	4.12011463597733	3.78683941124274e-05	age	0.0288932200802325	1.02931467846804	0.00654548047376178	4.41422447077092	1.01372733279865e-05	gender	-0.0876176142918171	0.916111117553974	0.161110712183212	-0.543834814609844	0.586555149040601	0.00021909570879333
hsa-mir-450a-1	0.0172730318172543	1.0174230732767	0.00374415132645852	4.61333699180165	3.96255054345533e-06	age	0.0307579769437902	1.03123589081971	0.00646580112373161	4.75702489996149	1.96466943696426e-06	gender	-0.0578240625190973	0.94381598543713	0.160435738737198	-0.360418837936203	0.718533941293035	2.67472161683235e-05
hsa-mir-450a-2	0.0184531040945949	1.01862441473527	0.00380224421819115	4.85321379576549	1.21476607646968e-06	age	0.0300162387802607	1.03047126741413	0.00645178427660625	4.65239343000006	3.28104315367371e-06	gender	-0.0482943908243572	0.952853234534278	0.16008890417687	-0.301672318095203	0.762901872654986	1.22995065242555e-05
hsa-mir-454	0.0518685378998862	1.05323727262802	0.0106465968098041	4.87184203802312	1.10562552171746e-06	age	0.0265984102049754	1.02695530517112	0.00645908839399467	4.11798207154205	3.82204421991704e-05	gender	0.0176546599503612	1.01781142464293	0.160810664087622	0.109785380531366	0.912579585599885	1.22995065242555e-05
hsa-mir-4661	0.0535566322772669	1.05501673807622	0.0222841803817279	2.40334763764438	0.0162457352963039	age	0.0293282302113552	1.02976253818598	0.00654218499619399	4.48294113181106	7.36212439308665e-06	gender	-0.0136690807302588	0.986423916940629	0.161189437815514	-0.0848013425414607	0.932419326193304	0.0299069217954685
hsa-mir-4668	0.0391123070712075	1.0398872637854	0.019348624448763	2.02145155976232	0.0432330419517152	age	0.0282115815392914	1.02861329698392	0.00649746492256572	4.34193672078359	1.41232214268005e-05	gender	-0.113837223208474	0.892403206591082	0.164667167990576	-0.6913170645832	0.489366310223218	0.0714668652671211
hsa-mir-4677	0.0551740576128915	1.05672452961824	0.0189552078314459	2.91075983463289	0.00360551039174825	age	0.0292164004895139	1.02964738656658	0.00653136257879725	4.47324737174431	7.70405647528478e-06	gender	-0.0627675474435175	0.939161758869476	0.16056449956481	-0.390917965139498	0.695857874264944	0.00811239838143356
hsa-mir-4772	0.032699353382011	1.03323985247297	0.0118330742486757	2.76338614081378	0.00572050467053614	age	0.0284043050257545	1.02881155402852	0.00655180090589736	4.33534312683211	1.45532930939116e-05	gender	0.00230666736075158	1.00230932976461	0.162194944771083	0.0142215736995203	0.988653208403529	0.0118810481618828
hsa-mir-487b	0.0232201815835172	1.02349186880002	0.00661173995948629	3.51196231639475	0.000444811065108934	age	0.0287549269489771	1.02917234116047	0.0065429774990605	4.39477698847444	1.10886531851415e-05	gender	-0.0447306758341138	0.956254989732477	0.160263828193629	-0.279106497943321	0.780163096576462	0.0013344331953268
hsa-mir-5010	0.112816703028891	1.11942672661394	0.0579308254982413	1.94743820856334	0.0514822210529428	age	0.028596537926524	1.0290093444682	0.00654089465875837	4.37196124053653	1.23135388966463e-05	gender	-0.0319834831581149	0.968522578881386	0.160517506159743	-0.199252305392072	0.84206538581926	0.080193459717084
hsa-mir-502	-0.0230342875633904	0.977228976398362	0.0120354712567337	-1.91386669221638	0.0556371912415824	age	0.0304629501518661	1.03093169347852	0.00652866030725859	4.66603387497389	3.07069099214499e-06	gender	0.0196036812489985	1.0197970952161	0.163205581903654	0.120116487563344	0.904390871766463	0.0850304243503429
hsa-mir-511	0.0324430937852002	1.03297510876797	0.00453993110829492	7.14616433846835	8.92362199499496e-13	age	0.0334003205461048	1.03396437358527	0.00648143477951119	5.15322944414843	2.56038376082408e-07	gender	-0.0243726523982881	0.975921962326639	0.160911115025475	-0.151466555895964	0.879607690953824	7.22813381594592e-11
hsa-mir-550a-1	0.0982498644760299	1.10323841075998	0.0247167311572802	3.97503471841951	7.03689899745866e-05	age	0.0296733449311575	1.03011798572737	0.00646090814264438	4.59275140212912	4.3744004554278e-06	gender	0.0219946665399742	1.02223833238862	0.162314020314065	0.135506880412526	0.892211124651095	0.000356243011746345
hsa-mir-550a-2	0.0822042261400759	1.08567751091762	0.0271833983617164	3.02405994446404	0.00249407015445468	age	0.0306184278579315	1.03109199283449	0.00655016714074832	4.67444985753959	2.94742634313052e-06	gender	-0.00352270549820139	0.996483491949415	0.161882110333898	-0.0217609314020892	0.982638659025901	0.00594175536796556
hsa-mir-550a-3	0.0908315317584511	1.09508450275697	0.0547694862575223	1.65843315256542	0.0972300696679438	age	0.0289981282847384	1.02942266768721	0.00648083371947803	4.47444411319874	7.66103605535965e-06	gender	-0.0166618489640028	0.983476191906074	0.161569348552697	-0.103125061239994	0.917863715066549	0.140636350769704
hsa-mir-5586	0.106181024097093	1.112023161276	0.0226940044155488	4.67881393485334	2.88539128958009e-06	age	0.0277923520747193	1.02818216236066	0.00656985755091482	4.23028229445392	2.33398229815495e-05	gender	-0.0349684160340892	0.96563591438774	0.160452308668635	-0.217936509136218	0.827478580592661	2.29499496520356e-05
hsa-mir-5683	0.0411853068945975	1.04204518581279	0.0194222805704725	2.12051858406428	0.0339623359863499	age	0.0291284267769387	1.02955680864764	0.00656773744110502	4.43507783892741	9.20390272042869e-06	gender	-0.0896482540181217	0.914252713438166	0.161777817744782	-0.554144290409141	0.579480100941478	0.0573114419769655
hsa-mir-576	0.0272783212334875	1.02765378083264	0.0101831676645922	2.67876579586691	0.00738940588345276	age	0.0288951517329191	1.02931666674843	0.00649560056640842	4.44841880862388	8.65047357267247e-06	gender	-0.0752598036802898	0.927502486464121	0.160680565667363	-0.468381495719219	0.639511798420416	0.0149635469139918
hsa-mir-590	0.0200387248617824	1.0202408479476	0.00600941868023673	3.33455296228303	0.000854366287852819	age	0.0281887614656227	1.02858982422054	0.00655343451307655	4.30137226661464	1.69743612690332e-05	gender	-0.0229669949536882	0.977294738899101	0.160628760274094	-0.142981835348151	0.886304527075222	0.00230678897720261
hsa-mir-616	0.0290045616754956	1.02942929038679	0.0127722495342227	2.27090471398787	0.0231527468364146	age	0.0293418016352084	1.02977651362469	0.00654195333854419	4.48517439926253	7.28543204865522e-06	gender	-0.0462222325768543	0.954829744336187	0.160368804957493	-0.288224587001854	0.773174829288955	0.0416749443055463
hsa-mir-652	0.0161059339940996	1.01623633367796	0.0107181328151522	1.50268094936561	0.132921337624876	age	0.0295875471315207	1.03002960766221	0.00650665511160888	4.54727454029827	5.43450877457555e-06	gender	-0.0457345442293281	0.955295517243149	0.160007397428938	-0.285827686495804	0.775010101607552	0.182485226230762
hsa-mir-671	0.0612716618533	1.0631877025007	0.0107396174190725	5.70519967913268	1.16206778473649e-08	age	0.0301835269373406	1.03064366747322	0.00650798534992986	4.63792177062382	3.5192993156152e-06	gender	-0.0489715441306247	0.952208225225865	0.161336688864153	-0.303536315734478	0.761481176105269	2.35318726409139e-07
hsa-mir-6892	0.0612871839076449	1.06320420548608	0.0181105728746467	3.3840555090028	0.000714235617218103	age	0.0306665366776681	1.03114159864654	0.00650125010288481	4.71702152545406	2.39322378705778e-06	gender	-0.0236778949332576	0.976600226982687	0.160872781181143	-0.147183972076645	0.882986811244268	0.00206618160695237
hsa-mir-766	0.0588706032011556	1.06063798869989	0.0175387230602978	3.35660714857971	0.000789051402199354	age	0.0289771136080529	1.02940103492998	0.00645847902922276	4.48667766465446	7.23423947407248e-06	gender	-0.0801594101635351	0.922969203987205	0.160790720723703	-0.498532563339138	0.618108723372204	0.00220390219234992
hsa-mir-887	0.030655236762105	1.03112994689937	0.0155987631115487	1.96523509863478	0.0493870333738979	age	0.0288124486905695	1.0292315426486	0.00650137442833907	4.43174731868663	9.34725180418595e-06	gender	-0.0661729811830703	0.935968945272081	0.160573591461053	-0.412103762399314	0.680263371106934	0.0784382294761908
hsa-mir-889	0.0140840226939536	1.01418366980272	0.00383718814916939	3.67040190536454	0.000242169394737986	age	0.0290015618528421	1.02942620228611	0.00653374289993657	4.43873631041154	9.04885966357089e-06	gender	-0.0473427239847131	0.953760464982727	0.16032339131739	-0.295295175555445	0.767768401643013	0.000852857433642472
hsa-mir-942	0.0504947626109038	1.05179135470001	0.0230002921847575	2.19539657171691	0.0281351628258093	age	0.0299737337804014	1.0304274681639	0.00652659449276678	4.59255340800172	4.37855404647622e-06	gender	-0.0440636028384495	0.956893094420638	0.160082040080072	-0.275256379893768	0.783119274264276	0.0495423519324033
hsa-mir-95	0.0871185123347195	1.09102597209195	0.0185019006003461	4.70862503353251	2.49393366322637e-06	age	0.0309329472003819	1.03141634221449	0.0063952826086633	4.83683819671689	1.31920727441372e-06	gender	-0.0204907671220382	0.979717742047109	0.159212487553647	-0.128700753545691	0.897594439126723	2.24454029690373e-05
