gene	gene_coef	gene_exp.coef.	gene_se.coef.	gene_z	gene_Pr...z..	age	age_coef	age_exp.coef.	age_se.coef.	age_z	age_Pr...z..	gender	gender_coef	gender_exp.coef.	gender_se.coef.	gender_z	gender_Pr...z..	Interaction	Interaction_coef	Interaction_exp.coef.	Interaction_se.coef.	Interaction_z	Interaction_Pr...z..	p_adjusted_new
hsa-mir-1247	0.0314213366846396	1.03192019813887	0.0107146626703792	2.93255491575149	0.00336185461546119	age	0.0572623103518942	1.05893354319816	0.0073825989248515	7.75638917063966	8.73816034349108e-15	gender	0.0270922809038876	1.0274626135675	0.192007457157823	0.14110014946773	0.887790825575216	Interaction	-0.0300687887871342	0.970378780073247	0.0108700140352763	-2.76621434798083	0.00567112449957739	0.0366045308609086
hsa-mir-1262	0.112947553812764	1.1195732140624	0.0504166129372096	2.24028444658574	0.0250724623304603	age	0.0588803583810125	1.0606483354647	0.00740544118445452	7.95095888474733	1.85073367311833e-15	gender	0.136633960771166	1.14640844124866	0.221831573098779	0.615935589612058	0.537937031327739	Interaction	-0.123850950255607	0.88351151823523	0.0668541362215905	-1.8525547895062	0.0639461976246435	0.126116111981936
hsa-mir-146a	0.0181812042699727	1.01834748858534	0.00808531605379915	2.24866958186868	0.0245335258319586	age	0.0577572626269461	1.05945779449348	0.00744426374878764	7.75862658497992	8.58540248619793e-15	gender	0.412179168744487	1.51010497570446	0.315875047076657	1.30488043471334	0.191933564422367	Interaction	-0.0275009906293166	0.972873718795749	0.0141377992857871	-1.94521014716652	0.0517496910712588	0.125516765788694
hsa-mir-151b	0.14088460834534	1.15129179085485	0.0659482820679985	2.13628928498965	0.0326558417140554	age	0.0564128512506701	1.05803440440718	0.00732879631721001	7.69742380726251	1.38836823071356e-14	gender	0.24805331543878	1.28152825561392	0.267728581808719	0.926510400058833	0.354180794865362	Interaction	-0.172799761240258	0.84130606006146	0.0975720494961003	-1.770996531616	0.0765612784885684	0.139380789043291
hsa-mir-154	0.0209786472475104	1.02120024596863	0.00533108849013027	3.93515269655518	8.31438172794904e-05	age	0.0588567409309372	1.0606232859514	0.00740833675842644	7.94466326925432	1.94719003393106e-15	gender	0.189252423044775	1.20834592834819	0.229186365179434	0.825757775322302	0.408941511046797	Interaction	-0.0226534180872132	0.977601243974886	0.0104460323634419	-2.16861458006713	0.0301119573177815	0.0890812070651036
hsa-mir-187	0.075773129310233	1.07871781693902	0.0129163602374674	5.86644595823773	4.4523529048663e-09	age	0.0581858449993805	1.05991195674455	0.00737488277328012	7.88973151006456	3.0283734953556e-15	gender	0.14006715406503	1.15035104701245	0.211485400755956	0.662301764397727	0.507777846300795	Interaction	-0.0598994725959755	0.941859211486794	0.0159004335165231	-3.76715971509397	0.000165115374285372	0.00519046357532436
hsa-mir-188	0.464152725755609	1.59066588753931	0.0929097508429461	4.99573749304536	5.86113434710394e-07	age	0.0550539516854236	1.05659761836008	0.00730300472021549	7.53853431492772	4.75282924028839e-14	gender	0.530161837113058	1.69920728116844	0.278644136313197	1.9026484609644	0.0570864312024535	Interaction	-0.36966244483499	0.690967530935079	0.116631293188718	-3.16949623663051	0.00152703435699471	0.0135524299183281
hsa-mir-18a	0.0843220005017115	1.08797916724939	0.0193119488451689	4.36631233739031	1.26361754633068e-05	age	0.0548365352229342	1.05636792161446	0.00732088470509737	7.49042464563781	6.86511322424084e-14	gender	0.266319374508266	1.30515182435334	0.278915179916199	0.954840014761055	0.339658608309055	Interaction	-0.058174470477651	0.943485322741226	0.0379750473570233	-1.53191304623593	0.125543893661993	0.185700342708365
hsa-mir-1976	0.12848646240108	1.13710602750169	0.0206469881340101	6.22301236224547	4.87698935815236e-10	age	0.0558214055062549	1.05740881947926	0.00739184290960915	7.55175755070349	4.29423336151554e-14	gender	0.2773491822436	1.31962708093926	0.251228037424728	1.10397384418806	0.269604483930762	Interaction	-0.0903240436268159	0.91363507967345	0.0339570803135122	-2.65994728618862	0.00781528821011969	0.0416219513917426
hsa-mir-212	0.0218414788412434	1.02208175004447	0.0120352073180339	1.81479872046038	0.069554847124104	age	0.0570985119204221	1.05876010574953	0.00738640280863992	7.73021907952726	1.07361658209231e-14	gender	0.147506812424937	1.15894118000265	0.219687343592791	0.671439738004905	0.5019404370857	Interaction	-0.0253246903220108	0.974993289743813	0.0128776549393261	-1.96656071632061	0.0492338760929282	0.125487325725995
hsa-mir-222	0.0370775950650606	1.03777354381967	0.00513452601569471	7.22123034370174	5.15192995957734e-13	age	0.0590951004115558	1.06087612569915	0.0074169290630056	7.96759681932408	1.6178969547634e-15	gender	0.320320228898811	1.37756883106084	0.243500982926036	1.31547817610292	0.188349247219604	Interaction	-0.0269588695468747	0.973401277136591	0.00749700204208304	-3.59595334182197	0.000323205730951102	0.00519046357532436
hsa-mir-299	0.0429051764985035	1.04383890969721	0.00988446541298407	4.34066737105923	1.42050620239193e-05	age	0.0578449798075543	1.0595507312202	0.0073029530711939	7.92076564694366	2.36052479164241e-15	gender	0.251455422892349	1.28589557728069	0.211456326921389	1.18916008120121	0.234376679564324	Interaction	-0.0565548924432745	0.945014608910558	0.0162769580424893	-3.47453696788085	0.000511735845454514	0.00519046357532436
hsa-mir-3117	0.106502574945741	1.11238079076218	0.0552588119730755	1.92734101843583	0.0539371448911323	age	0.0581548182330635	1.05987907161412	0.00738521372665299	7.87449360107003	3.42125715111988e-15	gender	0.313807619538664	1.36862641423819	0.243364477105156	1.28945531932777	0.197239840122815	Interaction	-0.193632076019312	0.823961003518763	0.0815433466517222	-2.37459074185819	0.0175684173382403	0.0682552555153012
hsa-mir-3127	0.080072668426731	1.08336579130219	0.0490998713609315	1.63081218356194	0.102929955851198	age	0.0566815256980732	1.05831870940715	0.00731603948907233	7.74756967656286	9.36679393993848e-15	gender	0.431833075215812	1.54007801651312	0.327230791410237	1.31965904967189	0.186948878082749	Interaction	-0.114814250651636	0.891531729965491	0.0603748532602637	-1.90168993300398	0.0572117027364983	0.125516765788694
hsa-mir-329-1	0.0377974814484746	1.03852089183349	0.0216152495169691	1.74864886101831	0.0803517348065869	age	0.0576619809433908	1.05935685238021	0.00737138715047577	7.8224057109345	5.1823269164401e-15	gender	0.186555221784654	1.20509116753324	0.216863217980004	0.860243721929162	0.389654708161918	Interaction	-0.061233617650968	0.94060347253251	0.0274671648036622	-2.22933885199552	0.0257913674351337	0.089001861577575
hsa-mir-329-2	0.0371442605095793	1.03784272976041	0.021849111208543	1.7000353083038	0.0891242842896151	age	0.0572702383504169	1.05894193845501	0.00735791886486927	7.78348326506512	7.05544894193119e-15	gender	0.181864368962793	1.19945149999592	0.216947401345179	0.838287842284101	0.40186906235176	Interaction	-0.05976486649985	0.941986000011415	0.0274199521559986	-2.1796123552599	0.0292862081803609	0.0890812070651036
hsa-mir-3605	-0.00362852830351251	0.996378046850198	0.0175049069581708	-0.207286351888823	0.835786232293509	age	0.0592927437896974	1.06108582156224	0.00752452385460771	7.87993299448296	3.27556684411681e-15	gender	-0.366948820985465	0.692845103266636	0.268341139020957	-1.36747135502323	0.171477609890563	Interaction	0.132203823408932	1.14134092755953	0.0820043539861744	1.61215614760189	0.106927965148578	0.168708567234423
hsa-mir-365a	0.0156166622792917	1.01573923960129	0.0070005094114178	2.23078941281344	0.0256950815717848	age	0.0553921045365062	1.05695497027356	0.00748531745579406	7.40010091270473	1.36081045346424e-13	gender	0.390765542675444	1.47811191861806	0.308677083297146	1.26593635815613	0.205535868158486	Interaction	-0.0203863673454434	0.979820029699816	0.0103781036277433	-1.96436344024794	0.0494879594412373	0.125487325725995
hsa-mir-365b	0.0154402344110656	1.01556005069999	0.00700707276693677	2.20352134544987	0.0275580241909871	age	0.055384708997894	1.05694715355117	0.0074839530583103	7.40046183699588	1.35711668990814e-13	gender	0.375833874317423	1.45620520059306	0.306980146121363	1.22429375015295	0.220841433771674	Interaction	-0.0199361085552088	0.980261301616861	0.010374876752619	-1.92157545873267	0.054659199051408	0.125516765788694
hsa-mir-369	0.0139257362259672	1.01402315095605	0.00359118258118232	3.87775778901848	0.000105423595683761	age	0.0577669220656392	1.05946802831052	0.00736566533929769	7.84272966590513	4.40856408076358e-15	gender	0.204803629360883	1.22728403874765	0.215717172177118	0.949408094376119	0.342413095143548	Interaction	-0.0197110815364112	0.980481911715892	0.00745663916718033	-2.64342703119759	0.00820714534485065	0.0416219513917426
hsa-mir-376a-1	0.0353477705350277	1.03597992945327	0.0110452573918465	3.20026680058365	0.00137300426650254	age	0.0572730517759786	1.05894491771352	0.00741610403691119	7.72279508093752	1.13806058803207e-14	gender	0.177632766030039	1.19438662134635	0.214956361118953	0.826366640677081	0.40859614101173	Interaction	-0.0601850253449358	0.941590299395942	0.0270933964445559	-2.22139093812393	0.0263244942694236	0.089001861577575
hsa-mir-376c	0.0253763787259985	1.02570109995591	0.00456037205722615	5.56454131539294	2.6284285186668e-08	age	0.0590929166996217	1.06087380905382	0.00743563763533927	7.94725611947139	1.9068791116458e-15	gender	0.196175426403138	1.21674033499369	0.204965066490204	0.957116399210954	0.338508507177069	Interaction	-0.0352752156507611	0.96533970310044	0.0119974554171945	-2.9402247746806	0.00327974228687599	0.0232861702368195
hsa-mir-377	0.0297178352175553	1.0301638169911	0.00712535415610419	4.17071693090462	3.03642848919197e-05	age	0.0581134509693803	1.05983522822394	0.00738005331183615	7.87439446760877	3.42397071376065e-15	gender	0.18102601565632	1.19844635725619	0.221382756751136	0.817706032361938	0.413525065112207	Interaction	-0.0401446077566535	0.960650511592155	0.0184361370972718	-2.17749561878633	0.0294436083465535	0.0890812070651036
hsa-mir-380	0.0288376779640779	1.02925750974026	0.0143603192327178	2.0081502017292	0.0446273329541438	age	0.057512510693181	1.05919852187957	0.00734030815715119	7.83516297434328	4.68234972149451e-15	gender	0.195368323035355	1.21575869596697	0.227383722831082	0.859201004376592	0.390229629357421	Interaction	-0.0429352976484129	0.957973371191721	0.020199128148546	-2.12560152758393	0.0335364523186146	0.0952435245848655
hsa-mir-421	0.112900103690014	1.11952009143631	0.0318504435106399	3.54469486907768	0.000393067829508965	age	0.0577125890166324	1.05941046574601	0.0072964645289061	7.90966485042103	2.58082742619623e-15	gender	0.407925600014048	1.5036952821004	0.340912437131918	1.19657001500417	0.231474193569919	Interaction	-0.083945270002048	0.919481577942933	0.0484191911222377	-1.7337189667238	0.0829679595402632	0.147268128183967
hsa-mir-450a-1	0.0392862281798161	1.0400681378596	0.0167423433451605	2.34651908456842	0.0189496957307174	age	0.0578045312119382	1.05950787474789	0.0074536106512042	7.75523889252242	8.81773267285638e-15	gender	-0.259986927133312	0.771061665724044	0.232126532402413	-1.12002244828523	0.262704196131756	Interaction	0.0510604734747255	1.05238653282933	0.0315349683735918	1.61916995983052	0.105410699534056	0.168708567234423
hsa-mir-450a-2	0.0405871724098862	1.04142208901894	0.0171946353735173	2.36045554489614	0.0182525058227255	age	0.0579294058606666	1.05964018868273	0.00746831147673522	7.7566938713154	8.71720084960409e-15	gender	-0.270242916096215	0.763194079691171	0.239274172828692	-1.12942785634326	0.258717387221015	Interaction	0.0553896942540264	1.05695242271658	0.0349069930562208	1.58677930708086	0.112562637049992	0.173737983272814
hsa-mir-4677	0.147376135797406	1.15878974337257	0.0291252175106306	5.06008704462427	4.19065125034983e-07	age	0.0563089254063679	1.0579244530019	0.00729363282622664	7.72028517858628	1.16069719101892e-14	gender	0.622690580049241	1.86393637118284	0.254939079241901	2.44250737039179	0.0145856317854918	Interaction	-0.153759831101158	0.857477935814928	0.033084671937562	-4.64746428168718	3.36040257067793e-06	0.000238588582518133
hsa-mir-487a	0.0307734082405842	1.03125180424959	0.0135753826839018	2.26685383072673	0.0233991564217895	age	0.0574925675940142	1.05917739838904	0.00736106720514285	7.81035765491268	5.70259306054714e-15	gender	0.184052721368505	1.20207919668602	0.227902988124903	0.807592400972096	0.419325262688138	Interaction	-0.0419145309230948	0.958951737789856	0.0202318437430735	-2.07171088583781	0.038292411537028	0.104567739197269
hsa-mir-496	0.0282822473328102	1.02868598732711	0.0183399083354597	1.54211497764835	0.123045655931091	age	0.0569543647314696	1.05860749945566	0.00730822021468434	7.79319219432273	6.53371224208744e-15	gender	0.112720859550231	1.11931944200371	0.227531942721126	0.495406746860094	0.620313033172371	Interaction	-0.0364310336124448	0.964224590690088	0.0235250242807142	-1.54860769441632	0.121476055149838	0.183506381183798
hsa-mir-500b	0.168193432425975	1.18316545107805	0.0363021955023823	4.63314766774745	3.60147452542981e-06	age	0.0525523232697609	1.05395770714927	0.00744308318181336	7.06055837158568	1.6583486425213e-12	gender	0.460829045815237	1.5853877994337	0.346219306980072	1.33103219989335	0.183178416062059	Interaction	-0.126954654294631	0.880773610992293	0.0700100219273833	-1.81337829641466	0.0697734946607257	0.130366266339777
hsa-mir-502	0.181346276840324	1.19883023457275	0.0350364262518344	5.17593534046097	2.2677199010249e-07	age	0.0542236350608906	1.05572067191411	0.00732316000290607	7.4044039785247	1.3174081083719e-13	gender	0.900136533501503	2.45993895230829	0.341679506538753	2.63444694889657	0.0084274472262882	Interaction	-0.19804861348572	0.820329973069053	0.0569117890223942	-3.47992247103302	0.000501558901033897	0.00519046357532436
hsa-mir-505	0.0046457209322429	1.00465652902438	0.00233207073336287	1.99210121107421	0.0463599541218	age	0.0607077047400603	1.06258827927355	0.0075140354736618	8.07924116845774	6.51710286561931e-16	gender	-0.622283608559504	0.536717384659981	0.316570326231599	-1.96570416427549	0.0493327935197267	Interaction	0.0211695677614448	1.02139523265731	0.00841539665294007	2.51557575174414	0.0118838136151875	0.0527344229173945
hsa-mir-508	0.0119543652077838	1.01202610421129	0.0149307103366792	0.800656160237492	0.423330728800978	age	0.056844096935569	1.05849077557553	0.00736013031098298	7.72324599344997	1.13404013177432e-14	gender	0.221253426186934	1.2476395750429	0.23063831277397	0.959309073700024	0.337403065643078	Interaction	-0.0622153368850472	0.939680517127547	0.0327135966515277	-1.90181891486217	0.0571948325919481	0.125516765788694
hsa-mir-541	0.0573355134975481	1.05901106330189	0.0288282707790816	1.98886412358635	0.0467162026489134	age	0.0564253256245236	1.05804760280621	0.00734976988043573	7.67715541335812	1.62660049032387e-14	gender	0.146865365584515	1.15819801921906	0.225623001435991	0.650932593972164	0.515090000095026	Interaction	-0.0738836375140433	0.928779762675677	0.039307305930052	-1.87964134823995	0.0601569740238078	0.125621916343834
hsa-mir-543	0.0724493826076804	1.07513838401143	0.0273671047637584	2.64731630302463	0.00811334260855223	age	0.0583871118436189	1.06012530334834	0.00740755584583602	7.88210214796286	3.21918681319967e-15	gender	0.282561516740699	1.32652337598137	0.232476952961051	1.21543883443809	0.224198764087165	Interaction	-0.0975335520500591	0.907071906923204	0.0356543115183145	-2.73553317668073	0.00622793079212908	0.0368485905200971
hsa-mir-576	0.0262935870142362	1.0266423130843	0.0129739115728493	2.02665070334387	0.0426981472871659	age	0.0574652132043054	1.05914842563398	0.0073347643592158	7.83463658680499	4.70200686640499e-15	gender	0.220082181047154	1.24617913868588	0.254488706550808	0.864801365962444	0.387147821305794	Interaction	-0.0417384626245036	0.959120593655406	0.0255855802828007	-1.63132757448387	0.102821218008217	0.168708567234423
hsa-mir-616	0.0638874020578848	1.06597236570916	0.0140773975600152	4.53829635666095	5.67105246694943e-06	age	0.0567703104272128	1.05841267611845	0.00749189367120792	7.57756488795171	3.52100932637787e-14	gender	-0.218864210561679	0.803430808164994	0.221249505685706	-0.98921898100231	0.322556013619772	Interaction	0.095313196049692	1.10000331787491	0.0563790222950743	1.6905790872152	0.0909172215875794	0.153693398398051
hsa-mir-653	0.0830989069512155	1.08664928040066	0.0189827060667808	4.37761121406374	1.19987138982552e-05	age	0.0606225537157368	1.06249780264528	0.00745643291245837	8.13023525155673	4.28458099877238e-16	gender	0.0999934342520595	1.10516366182579	0.196319632405099	0.509339962728366	0.610513950990061	Interaction	-0.0754807408298376	0.92729758934409	0.0205948543454378	-3.66502911668119	0.000247310445311102	0.00519046357532436
hsa-mir-655	0.0498972973073386	1.05116313354784	0.014207765393364	3.51197362328662	0.000444792141375808	age	0.0569152154092882	1.05856605650084	0.0073360960254605	7.75824296897962	8.61140562060713e-15	gender	0.317542428823014	1.37374753011968	0.218772821036721	1.45147110741747	0.146648721912029	Interaction	-0.0701606517326659	0.932244041254675	0.0200073084881734	-3.50675113417374	0.000453613172431284	0.00519046357532436
hsa-mir-671	0.128784031055967	1.13744444496147	0.0242723955368881	5.30578165884972	1.12191184967458e-07	age	0.0519003683357021	1.05327079816298	0.00747507264484964	6.9431256124931	3.83518113258239e-12	gender	0.386681342042092	1.47208732418461	0.300698692968853	1.28594287598765	0.198462998572157	Interaction	-0.0899347486803904	0.91399082243278	0.0381048482736024	-2.36019175393736	0.0182654909125454	0.0682552555153012
hsa-mir-6720	-0.110269342565075	0.895592881524059	0.0329393079532148	-3.34765207337372	0.000814992593428419	age	0.0583200190714318	1.06005417898886	0.00725270324815543	8.04114232665789	8.9004805438379e-16	gender	-0.443443650570472	0.641822399041364	0.265872416640495	-1.66788137022158	0.0953392786033659	Interaction	0.0757045731440168	1.07864386671596	0.0443903563070836	1.70542837323287	0.0881145603725168	0.152588628937773
hsa-mir-6837	0.521256069173725	1.68414172021048	0.142752292030592	3.65147250358699	0.000260741019051141	age	0.0584313751885141	1.06017222907881	0.00739249128858657	7.90415205205958	2.6976357902329e-15	gender	0.538899069256066	1.71411869703372	0.318984209149006	1.68942240336522	0.0911385106742807	Interaction	-0.48247339511949	0.617254787185723	0.190402339468441	-2.53396778877004	0.0112779098144915	0.0527344229173945
hsa-mir-7-2	0.0476436008255565	1.04879679839417	0.0289178175451125	1.64755174733471	0.099444689077462	age	0.0570775164956202	1.0587378768647	0.00740036684757322	7.71279555071482	1.23091193336992e-14	gender	0.106512417487445	1.11239173947038	0.21120006227612	0.504320009850148	0.614036518381897	Interaction	-0.0611024226904383	0.940726883063206	0.0332413189295837	-1.83814676005708	0.0660407824568909	0.126726906876737
hsa-mir-766	0.0394782858160944	1.040267910071	0.0155357764859205	2.54112086717211	0.0110497713548522	age	0.05775124630802	1.05945142047667	0.00738296663790121	7.82222772232887	5.18966171515877e-15	gender	0.22639977110715	1.25407690879445	0.235611729179759	0.960901954649376	0.336601467901113	Interaction	-0.0506898686956065	0.95057342740036	0.0214649091027884	-2.36152263458789	0.0182000608526429	0.0682552555153012
hsa-mir-937	0.14814487405211	1.15968089186354	0.0314195999858086	4.71504647159808	2.41655588453972e-06	age	0.0574026367268703	1.0590821499301	0.00742078695797775	7.73538400333126	1.03091457977013e-14	gender	0.145568844250766	1.15669736380452	0.235669722346128	0.617681570638798	0.536785262643638	Interaction	-0.100538220387878	0.904350547123536	0.0531064952649947	-1.89314357662288	0.0583387784651678	0.125516765788694
hsa-mir-942	0.287248732148781	1.3327556714338	0.0594301014294674	4.83338788323779	1.34228888775415e-06	age	0.0576699561678912	1.05936530102262	0.00740153784057104	7.79161809479337	6.61564391321042e-15	gender	0.368724723410332	1.44588952934831	0.247633418553971	1.48899419780844	0.136488896625329	Interaction	-0.265808245560462	0.766586109698147	0.085358817460673	-3.11401040300174	0.00184562982296514	0.0145599686033917
hsa-mir-95	0.0273367764699576	1.02771385433319	0.0196601241800893	1.39046814860116	0.164386764850065	age	0.0564290452139379	1.0580515383162	0.00730624587428291	7.72339806035837	1.13268741665533e-14	gender	0.342225667236449	1.40807801873831	0.285605801610578	1.1982448021244	0.230821728378823	Interaction	-0.0449706871025047	0.956025505300013	0.0241373803721779	-1.86311382631814	0.0624462533737455	0.126116111981936
