gene	gene_coef	gene_exp.coef.	gene_se.coef.	gene_z	gene_Pr...z..	age	age_coef	age_exp.coef.	age_se.coef.	age_z	age_Pr...z..	gender	gender_coef	gender_exp.coef.	gender_se.coef.	gender_z	gender_Pr...z..	Interaction	Interaction_coef	Interaction_exp.coef.	Interaction_se.coef.	Interaction_z	Interaction_Pr...z..	p_adjusted_new
ENSG00000147439.10	-0.147936556043846	0.862485832719625	0.0932718052220954	-1.58608012026341	0.112721135851281	age	0.0332390821772419	1.03379767229589	0.00784732817080105	4.23571965563012	2.27820872313423e-05	gender	-1.40287930535125	0.245887957197012	0.488549531145879	-2.87151909052259	0.0040850410722543	Interaction	0.523733533636291	1.68831929423104	0.155555125535614	3.36686773793502	0.000760271420221491	0.174456948560158
ENSG00000168000.13	-0.121123894935543	0.885924191272573	0.102843741712142	-1.17774687034011	0.238897535257875	age	0.0331778241487359	1.03373434582826	0.00775754542860328	4.27684561490341	1.89560165837071e-05	gender	-1.19381189147439	0.303063813064215	0.421639748149792	-2.83135519531302	0.00463512160747535	Interaction	0.701522506256843	2.01682099371714	0.199571436088658	3.51514485241866	0.000439514186582873	0.134101707497287
ENSG00000067048.15	0.000301789529080612	1.00030183507212	0.01109477745192	0.0272010439495914	0.978299383064037	age	0.0320101864860251	1.03252802308383	0.00777844912182113	4.11524019566136	3.86776430998751e-05	gender	0.0264005131376634	1.02675209383609	0.195124869873001	0.135300605990648	0.892374205973375	Interaction	6.94761882398367	1040.66876004928	1.98576910548727	3.49870425760242	0.000467524837294434	0.134101707497287
ENSG00000196865.4	-0.202594766777496	0.81660909151904	0.0946222748698211	-2.14108958018839	0.0322668148000063	age	0.0358712420522529	1.0365223774044	0.00809497065202963	4.43129982728956	9.36667408312324e-06	gender	-1.73507936183951	0.176386201397451	0.510286518075628	-3.40020615943916	0.000673350642153236	Interaction	0.698730326193319	2.01119752087468	0.178782049466971	3.90828010013615	9.29555004997688e-05	0.0528299369797799
ENSG00000122970.14	-0.0982113726206326	0.906457283251518	0.0797968295902583	-1.23076785286996	0.218409702114649	age	0.0342159360311976	1.03480803494427	0.00789241993387971	4.33529086361956	1.45567513689967e-05	gender	-0.85094228272778	0.427012375931333	0.335336012527557	-2.53758096636833	0.0111621544960622	Interaction	0.479742321280003	1.61565802785722	0.138633099545731	3.46051789112419	0.000539137406574159	0.134678790441905
ENSG00000130363.10	0.0518478686746064	1.05321550325453	0.0877997400636358	0.590524170538864	0.554839286090436	age	0.0363893417520321	1.03705953847642	0.00793262719868478	4.58730012650354	4.49014961542843e-06	gender	-1.28906510828412	0.275528251798416	0.492300651376797	-2.61845095000188	0.00883299893651494	Interaction	0.590960057627328	1.80572117987946	0.180832894294969	3.26798981972479	0.00108314261576117	0.19621983597105
ENSG00000205423.10	-0.162047573506815	0.850400747032154	0.092243498120712	-1.75673707966664	0.078962634208627	age	0.0357618986940838	1.03640904676292	0.00800124750593553	4.46954036449374	7.83878655920531e-06	gender	-1.92574097189354	0.145767707056324	0.563762958956704	-3.41586998808383	0.000635785940311679	Interaction	0.661689381197512	1.93806369870549	0.170840378093413	3.87314397557532	0.000107440313439413	0.0528299369797799
ENSG00000056998.17	-0.0600518008729913	0.941715750622768	0.0426026243560445	-1.40957985055376	0.158663780129218	age	0.0319975091473593	1.03251493345937	0.00777318196681483	4.11639780002098	3.84839858687931e-05	gender	-0.263095947439237	0.76866814203305	0.201634688062971	-1.30481491040407	0.191955880695093	Interaction	0.196593581182911	1.21724922717094	0.0588796732766927	3.33890407745744	0.000841096027248365	0.180940782861805
ENSG00000230982.1	-0.333512604385675	0.716402868765	0.131409527695867	-2.53796364870555	0.0111499565232331	age	0.0377749216040806	1.03849746322805	0.008137924850158	4.64183711445151	3.45325045068046e-06	gender	-0.821479208493907	0.439780645869125	0.310166227722529	-2.64851274919845	0.0080846799764492	Interaction	0.761176731282496	2.14079387802877	0.213285609432409	3.56881429229156	0.000358600490223189	0.134101707497287
ENSG00000105245.8	0.00502926527766835	1.00504193326026	0.0121307314067766	0.414588791806803	0.678442954544985	age	0.0334898423373589	1.03405694007138	0.00782419551427153	4.2802921113452	1.86648166166106e-05	gender	-0.640992774351695	0.526769201412593	0.285477097724833	-2.24533869602927	0.0247463976698052	Interaction	0.125438222600003	1.13364513314839	0.0355135537831045	3.53212250641276	0.000412238331489278	0.134101707497287
ENSG00000151553.13	-0.18532342087148	0.83083553084286	0.0700977494034972	-2.64378560579342	0.00819845668932773	age	0.0338986424380299	1.03447974906888	0.00794629570615172	4.26596790398661	1.99037395191914e-05	gender	-1.54654448694146	0.212982668113745	0.469925424306646	-3.29104238023155	0.000998168742194288	Interaction	0.45167120422342	1.57093534674676	0.116301410681263	3.8836261880028	0.000102910084138995	0.0528299369797799
ENSG00000140543.12	-0.224100397390933	0.799234889243609	0.101078557069492	-2.21709137811358	0.0266168478566816	age	0.0325995323090341	1.03313671850981	0.00778839263676452	4.18565599211709	2.84343712776872e-05	gender	-0.952921930512346	0.385612642386043	0.317740014429506	-2.99906177137712	0.00270812395079953	Interaction	0.53716759122905	1.71115330616953	0.136049247827948	3.94833194453503	7.86976326507539e-05	0.0528299369797799
ENSG00000129824.14	-0.00114820657547622	0.998852452361471	0.00116522732913817	-0.985392761363963	0.32443118389074	age	0.0314777527727978	1.03197841668196	0.00778654004771073	4.04258535625876	5.28650585859675e-05	gender	-0.0502526895822121	0.950989089101254	0.19221258790305	-0.261443280746831	0.793750684078848	Interaction	0.304850269363049	1.35642188988693	0.0920194552853549	3.3128893060462	0.000923375176864374	0.186956315221599
ENSG00000115652.13	-0.00422985747647533	0.995779075770768	0.0164425494099909	-0.257250707965346	0.796985241493225	age	0.0338120579769668	1.03439018307489	0.00788202100839924	4.28977009080995	1.78858177611521e-05	gender	-0.871099135287588	0.418491317790722	0.35701156268768	-2.4399745731755	0.0146882957138332	Interaction	0.109705232282449	1.11594907621071	0.0334724014722711	3.27748316395314	0.00104736976437915	0.19621983597105
ENSG00000003249.12	-0.00460964569471614	0.995400962415863	0.0159053748568266	-0.28981685349828	0.771956353733334	age	0.0317767449164919	1.03228701625313	0.00775546089905616	4.0973380344628	4.17928389352985e-05	gender	-0.518980040068396	0.595127244458097	0.239226010852689	-2.16941309274256	0.0300513358504887	Interaction	0.13037685813481	1.13925764094456	0.0285485247852	4.56685097096154	4.95105743601616e-06	0.00852076984738381
ENSG00000205629.10	-0.010562175250157	0.989493408655075	0.0110184255356827	-0.958592061629117	0.337764293241341	age	0.0326979849168484	1.03323843852119	0.00773678029368488	4.22630392432599	2.37561084497683e-05	gender	-1.10865786473165	0.330001570734425	0.341922017863411	-3.24242899494858	0.00118515476354539	Interaction	0.0795591351919698	1.08280958978916	0.0184795446873598	4.3052540816327	1.66794186282334e-05	0.0191368529727931
ENSG00000151893.13	-0.0452335448573782	0.955774239607103	0.039651983262999	-1.14076374332549	0.25396825226541	age	0.036138999445427	1.03679995109368	0.0078949387297379	4.57748953887407	4.70589315271431e-06	gender	-1.6412674550622	0.193734337047394	0.526632000867055	-3.11653574480851	0.00182989494933237	Interaction	0.328928538780096	1.3894785582069	0.0903235870163437	3.641668246862	0.000270877005226389	0.116544831498654
ENSG00000107679.13	-0.106472010114027	0.899000210722469	0.0742924807677741	-1.43314651783995	0.151815969969848	age	0.0375633383029762	1.03827775775041	0.00797687329418982	4.70903033276666	2.48898033043846e-06	gender	-1.34365694303398	0.260889862615799	0.371835457512505	-3.61357938272682	0.000301998836760237	Interaction	0.68586843836348	1.9854953673858	0.145445012234928	4.71565458192295	2.40934886649805e-06	0.00829297879848629
ENSG00000151414.13	-0.0162453154157931	0.983885928062372	0.0133118725444725	-1.22036290247826	0.222327333984818	age	0.0345741894240202	1.03517882484811	0.00785142528918602	4.40355580682149	1.0649087370653e-05	gender	-0.54461387042037	0.580065720635524	0.258000662674232	-2.11090105263813	0.0347808175968589	Interaction	0.064171371611385	1.06627511238928	0.0185668832648064	3.45622745057175	0.000547792872221576	0.134678790441905
