gene	gene_coef	gene_exp.coef.	gene_se.coef.	gene_z	gene_Pr...z..	age	age_coef	age_exp.coef.	age_se.coef.	age_z	age_Pr...z..	gender	gender_coef	gender_exp.coef.	gender_se.coef.	gender_z	gender_Pr...z..	p_adjusted_new
ENSG00000118503.13	0.0634436639489425	1.06549945807875	0.0191584477082054	3.31152423803991	0.00092789201444627	age	0.024889204398413	1.02520152641181	0.00741288566451659	3.35755946129733	0.000786338284698532	gender	0.017955458149546	1.01811762653675	0.193403631028753	0.0928393022097736	0.926031227180047	0.186124193671056
ENSG00000064655.17	-0.0502524881332263	0.950989280677061	0.0150838038219056	-3.33155275198201	0.000863629301375801	age	0.0357648212443297	1.03641207572486	0.00789317550806531	4.53110680331192	5.86754632585257e-06	gender	0.174118054536213	1.19019606557141	0.197622594701744	0.881063497820153	0.378283452682813	0.186124193671056
ENSG00000065923.8	0.288583301521909	1.3345355137321	0.0692120554181144	4.16955254079017	3.05198253248549e-05	age	0.0236433102615421	1.02392502919627	0.00698096967899439	3.3868232278224	0.000707069307368487	gender	0.0167727193899764	1.01691417118498	0.19246238902983	0.0871480369464643	0.930553842639437	0.0675251135312415
ENSG00000122254.6	0.0786165629106644	1.08178944433983	0.0245061427665872	3.20803496737373	0.00133645248289446	age	0.0259679424421812	1.02630804701652	0.00744965901901305	3.48578940001224	0.000490687142352327	gender	0.0730082609836785	1.07573942354382	0.193675580695077	0.376961621706057	0.706202125992104	0.186124193671056
ENSG00000260077.1	0.255464419586324	1.29106107571353	0.0796466955093345	3.20747041610011	0.00133907832412808	age	0.0268247757363838	1.02718779876778	0.0075232139565405	3.56560053872495	0.000363023959041623	gender	0.0680426818086993	1.07041099458109	0.193794520792274	0.351107356031152	0.725507809521982	0.186124193671056
ENSG00000177614.8	0.188726608790955	1.20771072984837	0.0588668589415953	3.20599081018064	0.0013459828694856	age	0.0238302589293631	1.02411646851053	0.00730532230769901	3.26204073217257	0.00110613248500019	gender	0.0626869548799739	1.06469348995599	0.192441985238971	0.325744690287467	0.744617528796971	0.186124193671056
ENSG00000134371.9	-0.157823164376499	0.854000786378139	0.0447559832867708	-3.52630313952121	0.0004214043223559	age	0.0285082856139801	1.02891853602101	0.00752699265907645	3.78747355088799	0.000152186879311312	gender	0.0769323605754396	1.07996902543864	0.192919426849739	0.398779748787874	0.69005550010572	0.186124193671056
ENSG00000134061.5	0.28531968138005	1.33018719623731	0.0852107612772374	3.34839962820832	0.00081279716327676	age	0.031907263459248	1.03242175764313	0.00761398020810509	4.1906154976976	2.78198757183652e-05	gender	0.0977862002020022	1.10272699709447	0.194345880901278	0.503155506813519	0.614854943935164	0.186124193671056
ENSG00000103381.10	0.220127999488399	1.24623623797962	0.0674788973175596	3.26217540948341	0.00110560707914166	age	0.0270804617618483	1.02745046991269	0.00747561372596997	3.62250682746915	0.000291761757700673	gender	0.0931748903873887	1.09765368756092	0.193595655887657	0.481286059649282	0.630313203404255	0.186124193671056
ENSG00000107521.17	0.10400183760687	1.10960249392687	0.0304426236903824	3.41632306941162	0.000634728953074045	age	0.0267853559620764	1.02714730805466	0.00753600472231675	3.55431783140416	0.000378960941838071	gender	0.0898513815452678	1.09401168129712	0.192921468371476	0.465740709438602	0.641401109188859	0.186124193671056
ENSG00000054356.12	0.0766676492085021	1.07968318319618	0.0135438572620326	5.6606953045366	1.50760900294697e-08	age	0.0304429593480747	1.03091108453131	0.00767476756042039	3.96662949182622	7.28961782183758e-05	gender	-0.0298372100676463	0.970603525170641	0.193959168188346	-0.153832429507393	0.877741863123957	6.67116983804034e-05
ENSG00000106089.10	0.0615324529986078	1.06346500859723	0.0181570194875115	3.38890714089557	0.000701717694533239	age	0.0250883459880094	1.02540570700319	0.00739967629178174	3.39046533912208	0.000697740770138337	gender	0.0828058956321287	1.08633092650455	0.194238567025137	0.426310268348573	0.669881776592215	0.186124193671056
ENSG00000175426.9	0.0579398313326721	1.05965123598944	0.0180275544361176	3.21395958270367	0.00130918100051189	age	0.0247925771396198	1.02510246878452	0.00748660427261729	3.31159177603391	0.000927668059247845	gender	0.0405873459899359	1.04142226978906	0.19257963143871	0.210756172325801	0.833077539731683	0.186124193671056
ENSG00000158747.12	0.0690030177032739	1.07143944242978	0.0194027637100106	3.55634994759395	0.000376043100414528	age	0.0262579866817998	1.02660576492722	0.0073829853070857	3.55655410238988	0.00037575112577336	gender	0.118229131489721	1.12550196976749	0.19409137443513	0.609141605771025	0.542430581934185	0.186124193671056
ENSG00000198959.10	0.0489539181279774	1.0501719557353	0.0148687831458017	3.29239572922279	0.000993377260165937	age	0.0227254149105627	1.02298560438501	0.00739188473854583	3.07437354806933	0.00210945124999802	gender	0.111307723150829	1.11773880804638	0.193615186606695	0.574891490185307	0.565364685547345	0.186124193671056
ENSG00000115756.11	0.0779319181036362	1.0810490562948	0.0228265909256674	3.41408484330463	0.000639966434589974	age	0.0226731998534242	1.02293219052774	0.00735243824861351	3.08376610408117	0.00204398222928413	gender	0.146200206923738	1.15742788993315	0.196796279044952	0.74290127655484	0.45754145278722	0.186124193671056
ENSG00000145623.11	0.0448336812492092	1.04585390032854	0.0125688709747035	3.56704125131389	0.000361034663809446	age	0.020970176834569	1.02119159601748	0.00760810874402488	2.75629299476538	0.00584606037870022	gender	0.103787713629573	1.10936492686297	0.192942699047255	0.537919880576323	0.590632362618253	0.186124193671056
ENSG00000123360.10	0.273934388283239	1.31512851156851	0.0860171762851408	3.18464753336201	0.00144930413443917	age	0.0296084995239641	1.03005118947287	0.00749525124129821	3.95030114011706	7.80529255454096e-05	gender	0.146523876632285	1.15780257491477	0.19741885966137	0.742197968743288	0.457967399102268	0.194338508936161
ENSG00000141076.16	-0.133832977020372	0.874736153441634	0.040620866904651	-3.29468539739727	0.000985319237001955	age	0.0263845051873068	1.0267356577711	0.00742612675976593	3.55292954737261	0.000380966480476138	gender	0.0266193712668919	1.02697683147046	0.192585690727705	0.138220919562133	0.89006582236366	0.186124193671056
ENSG00000253368.3	0.0693223144438315	1.07178160417411	0.0207384317955252	3.3426979979648	0.000829681416805839	age	0.0308581734407131	1.03133922222011	0.00787440491084146	3.91879434574511	8.89930044932765e-05	gender	-0.0102515358019772	0.989800832087968	0.193557735381231	-0.0529637101911001	0.957760822182244	0.186124193671056
ENSG00000129990.13	0.115321253741813	1.12223390150869	0.0353523827732361	3.26205038233286	0.00110609482992128	age	0.0263700656427078	1.02672083228281	0.00745758950914174	3.53600390721191	0.000406228685261473	gender	0.0714686542936777	1.07408448223689	0.193560833022918	0.369230970840137	0.711955572913305	0.186124193671056
ENSG00000135622.11	0.214326251919396	1.23902682373885	0.065473440230187	3.27348389157317	0.0010623044541436	age	0.0204210350575335	1.02063097099515	0.00740247844228844	2.75867538375707	0.0058036153531014	gender	-0.000365696103046988	0.999634370755623	0.193023039782595	-0.00189457229281477	0.998488350922558	0.186124193671056
ENSG00000117625.12	-0.228057338778218	0.796078612351783	0.0709283028771064	-3.21532208621092	0.00130298235611347	age	0.0281411473243908	1.02854084996532	0.00773624275064897	3.63757294482908	0.000275219260731727	gender	0.117596262993646	1.12478990037546	0.193653418565761	0.607251159646907	0.543684245326859	0.186124193671056
ENSG00000174132.8	0.156002154081792	1.16882872083982	0.0399629518796831	3.90366944242431	9.47451640023249e-05	age	0.0247409829415406	1.02504958080906	0.0075746167349826	3.26630162385337	0.00108962121887625	gender	0.147978651544764	1.15948814281804	0.194294578229123	0.761620076553344	0.446286788870244	0.111311112610205
ENSG00000131389.15	0.126025164397266	1.13431071216926	0.0324047832643343	3.88909141496938	0.000100620214788886	age	0.0225181633222721	1.02277361096244	0.00722717422375597	3.11576317729468	0.00183469551872172	gender	0.0417742543878306	1.04265907646975	0.192650764214107	0.21683928718499	0.828333593543397	0.111311112610205
ENSG00000154122.11	0.070723465513688	1.07328438468085	0.019605678544989	3.60729496566005	0.000309405859170738	age	0.0247949271154303	1.02510487775335	0.00732416850600982	3.3853572723081	0.000710856664809235	gender	0.0976541041563402	1.10258134083922	0.193943275981478	0.503518895729422	0.614599498678115	0.186124193671056
ENSG00000122376.10	-0.252332523072253	0.776986329226583	0.0761316543424521	-3.31442322187328	0.000918323956770473	age	0.0223903770568835	1.02264292289261	0.00767181766830652	2.91852309647317	0.00351693820424158	gender	0.0563678135594522	1.05798675405342	0.192982573570989	0.292087583435181	0.77021965993139	0.186124193671056
ENSG00000133816.12	0.223416417494703	1.25034112926482	0.0682901925572854	3.27157398637132	0.00106950600343437	age	0.0243348351544569	1.02463334372277	0.00741515279212387	3.28177123744564	0.00103157258070332	gender	0.0866982752377987	1.09056757882844	0.193979112815993	0.44694644685812	0.654913727051053	0.186124193671056
ENSG00000107779.10	-0.332280600041818	0.717286024125183	0.0976127269766648	-3.40407045611227	0.000663896266510251	age	0.0224601176456204	1.02271424509912	0.00740986591411658	3.03110986162806	0.0024365657506908	gender	0.11638479841529	1.12342808231679	0.192978563287368	0.603097030222884	0.546444141968971	0.186124193671056
ENSG00000158292.6	0.0664921955556272	1.06875262302223	0.0206611232655301	3.21822752330988	0.00128985457099765	age	0.0277768741761821	1.02816624838463	0.00742479920482085	3.74109432591078	0.000183220734681217	gender	0.0293615687557168	1.02979686954232	0.19262420235529	0.15242928145426	0.878848363653914	0.186124193671056
ENSG00000137825.9	0.110388292709736	1.11671159725787	0.0333758615314628	3.30742901140319	0.000941565726711773	age	0.0225291034585918	1.02278480030638	0.0074341319939862	3.03049548714182	0.00244152835668709	gender	0.0612733666386553	1.06318951500907	0.192818525453418	0.317777384172861	0.750653806974283	0.186124193671056
ENSG00000176410.7	0.12256443100297	1.13039195001482	0.0382199091284175	3.20682162249936	0.00134210187115742	age	0.0179668947808034	1.01812927043921	0.00762394635641667	2.35663971660578	0.0184411289495835	gender	-0.00313184675894727	0.996873052357352	0.193861123056733	-0.0161551047964926	0.98711065196676	0.186124193671056
ENSG00000169436.15	0.0598399514827897	1.06166661477959	0.0175215323102558	3.41522364729275	0.000637296614005461	age	0.0208779806630251	1.02109745040192	0.00725934728833186	2.87601348079638	0.00402732511352059	gender	0.00685524969156137	1.00687880070099	0.192939643627713	0.0355305398240962	0.971656694485258	0.186124193671056
